48.97253396005 8.4785980847297 220.36932373047
48.972533688325 8.4785997738324 220.37324523926
48.972533331036 8.4786018747082 220.37957763672
48.972532927309 8.4786040237757 220.38671875
48.972532436264 8.4786063246952 220.39625549316
48.972531772959 8.4786090271584 220.40705871582
48.972531031333 8.4786116177254 220.41529846191
48.972530122864 8.478614639328 220.42335510254
48.972529197742 8.4786175222118 220.43199157715
48.972527977926 8.4786207076127 220.4528503418
48.972526641318 8.4786235631191 220.47427368164
48.972525204717 8.4786264828863 220.48731994629
48.972523469675 8.478629753816 220.49879455566
48.972521692921 8.4786326880078 220.50834655762
48.972519509546 8.4786358446788 220.51728820801
48.972517334138 8.4786386169206 220.52505493164
48.972514946228 8.4786412932317 220.5280456543
48.972512065199 8.4786441402249 220.52363586426
48.972509227905 8.4786466423625 220.51681518555
48.972505858029 8.4786492890048 220.50840759277
48.97250254267 8.4786515115257 220.50039672852
48.972498976855 8.4786535173701 220.4903717041
48.972494784142 8.4786555328752 220.48146057129
48.972490728895 8.4786571974942 220.46678161621
48.972486453693 8.4786586738358 220.44871520996
48.972481471637 8.4786600135924 220.42469787598
48.972476716653 8.478661000482 220.40014648438
48.97247173358 8.4786618208099 220.37475585938
48.972466005518 8.4786625320882 220.34815979004
48.972460580146 8.4786629979201 220.32580566406
48.972454384465 8.4786633905719 220.30215454102
48.972448540118 8.4786636933662 220.27951049805
48.972442504272 8.4786639224299 220.25419616699
48.972435657536 8.4786640490789 220.22378540039
48.972429241692 8.4786640553283 220.1944732666
48.97242267271 8.4786639632691 220.1615447998
48.972415273543 8.4786637338238 220.12126159668
48.972408431529 8.4786634197869 220.08418273926
48.972401508606 8.4786630192154 220.04396057129
48.972393846009 8.4786624201767 220.00042724609
48.9723868421 8.4786617348446 219.95738220215
48.97237910842 8.4786608253581 219.90713500977
48.972372048344 8.478659841973 219.85757446289
48.972364953828 8.4786586874141 219.80877685547
48.972357127236 8.4786572121404 219.75559997559
48.972349977049 8.4786556723656 219.70579528809
48.972342818961 8.4786538883001 219.65563964844
48.972334957905 8.4786515129642 219.60015869141
48.972327837072 8.4786489789954 219.55152893066
48.972320052078 8.4786457442739 219.49671936035
48.972313021689 8.4786424414263 219.44575500488
48.972306045246 8.4786388024885 219.39445495605
48.972298458224 8.478634374494 219.33973693848
48.972291656316 8.4786299617897 219.2914276123
48.972284273174 8.4786247257719 219.24284362793
48.972277659024 8.4786196335023 219.20359802246
48.972271131817 8.4786141789871 219.16955566406
48.972264072893 8.4786078804377 219.13497924805
48.972257798017 8.4786019375136 219.10223388672
48.972251631278 8.4785958078595 219.07110595703
48.972244965589 8.4785888301951 219.04766845703
48.972239037594 8.4785822333947 219.04705810547
48.97223268342 8.4785747009741 219.06159973145
48.972227050217 8.4785676748025 219.08204650879
48.972221557757 8.4785604559562 219.10649108887
48.972215695491 8.4785523218267 219.13188171387
48.972210504918 8.4785448176897 219.14678955078
48.972205416707 8.4785372906535 219.15515136719
48.972199943781 8.4785289768292 219.16242980957
48.97219502269 8.4785214224114 219.16999816895
48.972189638097 8.4785130357411 219.18426513672
48.972184884459 8.4785052257853 219.19338989258
48.972180135836 8.4784972698569 219.20379638672
48.972174860573 8.4784883393323 219.2108001709
48.972170018917 8.4784800473652 219.21557617188
48.972165081487 8.4784715883898 219.22787475586
48.972159509812 8.4784621774483 219.24092102051
48.972154285322 8.4784535503655 219.25096130371
48.972148928315 8.4784448306177 219.26080322266
48.972142871399 8.4784351398258 219.27262878418
48.972137198931 8.4784262337034 219.28440856934
48.972130785782 8.4784163267868 219.30111694336
48.972124845897 8.47840717179 219.31651306152
48.97211883808 8.4783978817244 219.33163452148
48.972112144565 8.4783874956349 219.34552001953
48.972105999449 8.4783779240996 219.35649108887
48.972099777861 8.4783682445898 219.36814880371
48.972092892151 8.4783575066471 219.38093566895
48.972086582216 8.4783477090203 219.39390563965
48.972079665913 8.4783369406 219.40972900391
48.972073398238 8.4783271810444 219.4249420166
48.972067139919 8.4783174461511 219.44055175781
48.972060259679 8.478306764373 219.45895385742
48.97205399737 8.4782970845091 219.47340393066
48.972047737432 8.4782874550986 219.48497009277
48.972040861897 8.4782769147984 219.49670410156
48.972034607963 8.4782673831683 219.50695800781
48.972027744371 8.4782569751308 219.51910400391
48.972021521609 8.4782475529716 219.52946472168
48.972015348158 8.4782381388006 219.54159545898
48.972008620762 8.4782277432085 219.55839538574
48.97200261192 8.4782182413725 219.5792388916
48.971996042009 8.4782078012568 219.59503173828
48.971990153597 8.4781983062895 219.60676574707
48.971984322255 8.4781887859816 219.61737060547
48.971977967494 8.4781783345478 219.63208007812
48.971972256345 8.4781687988547 219.64535522461
48.971966591517 8.4781592444456 219.65922546387
48.971960410502 8.4781486967425 219.67686462402
48.971954823758 8.4781391303613 219.69342041016
48.971948729244 8.4781286676697 219.69589233398
48.971943238052 8.478119186189 219.68397521973
48.97193779925 8.4781097066693 219.6781463623
48.971931826661 8.4780992656121 219.67889404297
48.971926442798 8.4780898142795 219.6893157959
48.971921034634 8.4780803930792 219.69636535645
48.971915092779 8.4780700657576 219.69944763184
48.971909680363 8.4780607112769 219.70440673828
48.971903710041 8.4780505426076 219.69860839844
48.971898287914 8.4780413273745 219.68444824219
48.971892912598 8.4780320800136 219.67541503906
48.971887028858 8.4780219399413 219.66580200195
48.971881655531 8.478012771643 219.64953613281
48.971876273822 8.4780036437268 219.63638305664
48.971870309531 8.4779936811793 219.62901306152
48.971864824668 8.4779847791544 219.60975646973
48.971858684826 8.4779751397615 219.59066772461
48.971853087491 8.477966463867 219.5768737793
48.97184741852 8.4779579372703 219.56147766113
48.971841103234 8.4779487127408 219.53903198242
48.9718353246 8.4779404228974 219.52328491211
48.971829485398 8.4779322909901 219.51129150391
48.971823003603 8.4779235082584 219.49041748047
48.971817064389 8.4779156113958 219.47747802734
48.971810420854 8.4779071180349 219.48268127441
48.971804338505 8.4778995041083 219.48840332031
48.971798213669 8.4778920527287 219.48852539062
48.971791401335 8.4778840270711 219.48587036133
48.971785163269 8.4778768244102 219.48233032227
48.971778904935 8.477869649571 219.49046325684
48.971772011907 8.4778617941709 219.50709533691
48.971765749227 8.4778546896497 219.52119445801
48.971758829585 8.4778469303826 219.54130554199
48.971752504556 8.4778399602703 219.5630645752
48.971746165782 8.4778330659334 219.58233642578
48.971739143373 8.4778256342345 219.59394836426
48.971732736831 8.4778189636666 219.60220336914
48.971726345458 8.4778123129837 219.61572265625
48.971719311503 8.4778050288788 219.62924194336
48.9717128528 8.4777985129129 219.64527893066
48.971705732923 8.4777913681777 219.67091369629
48.971699205048 8.4777849412632 219.69259643555
48.97169267008 8.4777786151458 219.70182800293
48.971685430987 8.477771765479 219.7179107666
48.971678836315 8.4777655869076 219.73371887207
48.971671540122 8.477758875953 219.75694274902
48.971664906046 8.4777527966095 219.77772521973
48.971658254905 8.4777467677655 219.79756164551
48.971650885656 8.4777402902652 219.8180847168
48.971644143874 8.4777345137385 219.83485412598
48.971637361486 8.4777288241815 219.8529510498
48.971629912866 8.4777225744333 219.87475585938
48.971623124342 8.4777169290912 219.89402770996
48.97161564524 8.4777107797034 219.91386413574
48.971608839434 8.477705179094 219.93347167969
48.971602030994 8.4776996040744 219.95291137695
48.971594512772 8.4776935998472 219.97622680664
48.971587658159 8.4776882542661 219.98811340332
48.971580802669 8.4776829528488 219.99851989746
48.971573242048 8.4776771822983 220.01904296875
48.97156636107 8.4776719581597 220.03652954102
48.97155881531 8.4776661577588 220.05613708496
48.971551967489 8.4776609082112 220.07592773438
48.971545137276 8.4776556970493 220.09075927734
48.971537674952 8.4776499893334 220.09553527832
48.971530903783 8.4776448334738 220.10104370117
48.971524133602 8.4776397107148 220.1111907959
48.971516709174 8.4776340852573 220.13079833984
48.971509988542 8.4776289493495 220.14930725098
48.97150262861 8.4776233531029 220.15864562988
48.971495908815 8.47761846956 220.17309570312
48.971489236497 8.4776135963775 220.18865966797
48.971481943797 8.4776082048641 220.20703125
48.971475377679 8.4776033105461 220.22917175293
48.971468204491 8.4775979671481 220.25122070312
48.9714616916 8.4775930878966 220.27565002441
48.971455251561 8.4775882293929 220.30084228516
48.971448136812 8.4775829632048 220.33110046387
48.971441713278 8.4775782780708 220.34820556641
48.971435316444 8.4775736305002 220.36297607422
48.971428311054 8.4775686346115 220.37773132324
48.971421967036 8.477564202422 220.38854980469
48.971415603415 8.4775598731566 220.41491699219
48.971408627582 8.47755520976 220.44253540039
48.971402289646 8.47755106771 220.45895385742
48.971395322359 8.4775467190143 220.47564697266
48.971388975257 8.477542919742 220.49409484863
48.971382678 8.4775392567724 220.51403808594
48.971375749549 8.4775353940533 220.53637695312
48.971369468338 8.477532133337 220.55210876465
48.971363190626 8.4775289719263 220.57177734375
48.971356264563 8.477525626017 220.60731506348
48.971349932657 8.4775227436765 220.64981079102
48.971343003911 8.4775198118847 220.6974029541
48.97133673193 8.4775172973299 220.7318572998
48.971330457226 8.4775148737159 220.76077270508
48.971323536368 8.4775123232758 220.79690551758
48.971317202333 8.4775099484212 220.84519958496
48.971310262296 8.4775073335217 220.90637207031
48.971303937267 8.4775049822465 220.95045471191
48.971297633977 8.4775026183532 220.98625183105
48.971290749962 8.4774999321873 221.03175354004
48.971284444253 8.4774975240764 221.07698059082
48.971277547121 8.4774947718563 221.11596679688
48.971271293336 8.4774922392219 221.15739440918
48.971265081054 8.4774896669754 221.20478820801
48.97125832839 8.4774868106347 221.24250793457
48.971252205322 8.4774841859911 221.2769317627
48.971246135116 8.4774815257301 221.31471252441
48.971239526395 8.477478550836 221.3568572998
48.97123358294 8.4774758241996 221.38941955566
48.971227024046 8.477472807246 221.43453979492
48.971221112538 8.4774700601351 221.47981262207
48.971215246161 8.4774674061331 221.52178955078
48.97120885857 8.4774645271383 221.56192016602
48.971203094193 8.4774620401084 221.59596252441
48.971197348481 8.4774597257694 221.62922668457
48.971191056639 8.4774574131181 221.66940307617
48.971185370568 8.4774554278014 221.70880126953
48.971179702918 8.4774535429703 221.74517822266
48.971173498561 8.4774516583188 221.78300476074
48.97116790216 8.4774501357957 221.8136138916
48.971161788885 8.4774486268136 221.83979797363
48.971156235717 8.4774473867006 221.85745239258
48.971150787571 8.4774463417098 221.86968994141
48.971144781915 8.477445383295 221.88360595703
48.971139375171 8.4774446276753 221.89636230469
48.971133942402 8.4774439388484 221.9112701416
48.971127990828 8.4774433130677 221.9241027832
48.971122632592 8.477442961436 221.93110656738
48.97111676894 8.4774426779527 221.93597412109
48.971111477346 8.4774424016533 221.93553161621
48.97110617033 8.4774421422315 221.93893432617
48.971100328734 8.4774419569693 221.95008850098
48.971094959447 8.4774419403964 221.97418212891
48.971089590946 8.4774419569889 222.00189208984
48.971083651664 8.4774420166557 222.03247070312
48.971078265149 8.4774420509149 222.04409790039
48.971072350345 8.4774420950701 222.04864501953
48.971066988782 8.4774421159344 222.04891967773
48.971061597602 8.4774421648404 222.0499420166
48.971055639392 8.4774422734944 222.05986022949
48.971050147946 8.4774424315726 222.07417297363
48.971044602284 8.4774426206527 222.08380126953
48.971038478822 8.4774428729013 222.08821105957
48.97103290351 8.4774431269299 222.09228515625
48.971026790498 8.4774434693002 222.09320068359
48.971021221104 8.4774438920844 222.09117126465
48.971015627761 8.4774444858401 222.08882141113
48.971009410843 8.4774452100643 222.08576965332
48.971003684163 8.4774460039137 222.08999633789
48.970997913786 8.4774468971439 222.09896850586
48.970991591902 8.477448094561 222.10804748535
48.970985843546 8.4774492565748 222.11053466797
48.970979417047 8.4774505901173 222.1139831543
48.970973532836 8.4774519129808 222.11332702637
48.970967541231 8.4774532896356 222.11967468262
48.970960836899 8.477454774466 222.12258911133
48.970954756543 8.477456190028 222.11567687988
48.970948609296 8.4774576538024 222.11085510254
48.970941705006 8.477459227458 222.10562133789
48.970935317747 8.4774605650883 222.10316467285
48.970928293717 8.4774620704003 222.10609436035
48.970921882258 8.477463447338 222.10530090332
48.970915468972 8.4774648704164 222.10485839844
48.970908382927 8.4774664502628 222.09498596191
48.970901943047 8.4774679016437 222.08535766602
48.970894872134 8.4774694652387 222.07566833496
48.970888451608 8.4774708639071 222.06416320801
48.970882036556 8.4774722266033 222.04437255859
48.970874981432 8.4774737641729 222.02780151367
48.970868571045 8.4774751822803 222.02235412598
48.970862168163 8.477476567914 222.01760864258
48.970855129252 8.4774781252457 222.01145935059
48.970848717912 8.477479531783 222.00241088867
48.970841673353 8.4774809580457 221.99072265625
48.970835263085 8.477482175319 221.98291015625
48.970828862406 8.4774832881699 221.97673034668
48.970821783337 8.4774844340809 221.96891784668
48.970815353273 8.4774853981676 221.96244812012
48.970808922494 8.4774861969263 221.96234130859
48.97080183744 8.477486854783 221.96069335938
48.970795429127 8.4774874359657 221.94787597656
48.97078836633 8.4774880549358 221.92481994629
48.970781931305 8.4774884975729 221.90342712402
48.970775416981 8.4774889490428 221.87942504883
48.970768265058 8.4774894701834 221.84590148926
48.970761736806 8.4774899619079 221.81439208984
48.970755181466 8.4774903916455 221.79231262207
48.970747944349 8.477490770438 221.77456665039
48.970741343196 8.4774911347259 221.75839233398
48.970734049196 8.4774915285182 221.7374420166
48.970727378016 8.4774919651264 221.71444702148
48.970720688438 8.4774924784639 221.69456481934
48.970713287442 8.4774931554851 221.66754150391
48.970706565665 8.4774938138255 221.6382598877
48.970699795886 8.4774945628443 221.60784912109
48.970692323577 8.4774954747655 221.57354736328
48.970685513159 8.4774963900146 221.5290222168
48.970678005373 8.4774974110524 221.49105834961
48.9706711485 8.4774983829992 221.46737670898
48.970664305039 8.4774994234045 221.4393157959
48.970656734302 8.4775006011406 221.40948486328
48.970649844858 8.4775016766732 221.38780212402
48.9706429732 8.4775027813363 221.36573791504
48.970635470104 8.477504037071 221.33337402344
48.970628679214 8.4775052070097 221.29978942871
48.970621216153 8.477506610282 221.25802612305
48.970614423792 8.4775079788514 221.22665405273
48.97060767289 8.4775093803006 221.18788146973
48.970600284521 8.4775109237014 221.14865112305
48.970593587312 8.4775123809854 221.10720825195
48.970586863941 8.4775139378369 221.06799316406
48.970579429689 8.4775156865515 221.03903198242
48.970572644988 8.4775172379586 221.02392578125
48.970565835454 8.4775188008247 221.00312805176
48.970558343672 8.4775206096268 220.9744720459
48.970551534891 8.4775222669973 220.9443359375
48.970544080292 8.4775240939283 220.89331054688
48.970537298645 8.4775257643909 220.84286499023
48.970530520247 8.4775275309072 220.79783630371
48.970523082246 8.4775295151273 220.75761413574
48.970516338915 8.4775313623566 220.71630859375
48.970509562806 8.4775332587887 220.68159484863
48.970502074001 8.4775353973903 220.65319824219
48.970495234236 8.4775373785585 220.62979125977
48.970487712829 8.4775395949891 220.59878540039
48.970480859134 8.4775416657104 220.56384277344
48.970473975332 8.4775437523669 220.53019714355
48.970466416977 8.4775460928784 220.47955322266
48.970459605929 8.4775483143775 220.42868041992
48.970452815645 8.4775505148478 220.36611938477
48.970445326078 8.4775528837566 220.30143737793
48.970438470983 8.4775550510244 220.26159667969
48.970430908323 8.4775574715987 220.23377990723
48.970424037971 8.477559636114 220.1979675293
48.970417161344 8.4775618007295 220.16026306152
48.97040953023 8.4775641863086 220.12669372559
48.970402606524 8.4775663673426 220.0979309082
48.970395700608 8.4775686027915 220.06234741211
48.970388115696 8.4775711006595 220.01454162598
48.970381222132 8.4775733912484 219.97085571289
48.970373656862 8.477575946976 219.91958618164
48.970366768056 8.4775782541761 219.8741607666
48.970359902729 8.4775805705601 219.8258972168
48.970352337109 8.4775832119204 219.77955627441
48.970345474224 8.4775856376301 219.72567749023
48.970338626862 8.4775881073764 219.67263793945
48.970331117138 8.4775909244191 219.61094665527
48.97032427882 8.4775934819477 219.5609588623
48.970316744207 8.4775963068169 219.51039123535
48.970309913287 8.477598983958 219.47160339355
48.970303098836 8.477601754303 219.43603515625
48.970295642654 8.4776049031547 219.39025878906
48.970288885286 8.4776079964315 219.35237121582
48.970282160238 8.4776112193329 219.31460571289
48.970274782347 8.4776149478213 219.27810668945
48.970268133854 8.4776185423073 219.23681640625
48.970261532108 8.477622265003 219.19136047363
48.970254285788 8.4776264872177 219.14016723633
48.970247724135 8.4776304340437 219.09831237793
48.970240483332 8.4776348343253 219.05949401855
48.970233909799 8.4776387983621 219.01918029785
48.97022730602 8.4776426233889 218.97906494141
48.970220001707 8.4776466474933 218.93707275391
48.970213304871 8.4776501715703 218.90794372559
48.970205929451 8.4776540124606 218.87728881836
48.970199206103 8.4776573163487 218.84638977051
48.970192445556 8.4776604439916 218.81034851074
48.970185010835 8.477663836751 218.77581787109
48.970178185187 8.4776668716339 218.74594116211
48.97017066556 8.4776700859656 218.71234130859
48.970163806034 8.477672961309 218.6826171875
48.970156904396 8.4776757741307 218.65454101562
48.970149300497 8.4776788024905 218.61416625977
48.970142379002 8.4776815034209 218.56986999512
48.970135462998 8.4776841861481 218.52156066895
48.970127824622 8.4776870798776 218.4658203125
48.970120854451 8.4776896994358 218.41732788086
48.970113146953 8.4776925742834 218.3773651123
48.970106089945 8.4776951913739 218.35784912109
48.970099013246 8.4776977577642 218.33157348633
48.970091153093 8.477700566363 218.30406188965
48.97008397679 8.4777032229746 218.28253173828
48.970076797403 8.4777059091925 218.25843811035
48.970068835286 8.4777088911654 218.22789001465
48.970061595381 8.4777116798971 218.20248413086
48.970053588455 8.4777148561355 218.18133544922
48.970046336971 8.4777177655844 218.15440368652
48.970039041242 8.4777206589644 218.13171386719
48.970030982873 8.4777238551589 218.11642456055
48.970023639541 8.4777268545292 218.10563659668
48.970016277839 8.4777300004131 218.0919342041
48.970008182061 8.4777336446153 218.08125305176
48.970000779062 8.477737064949 218.06930541992
48.969993346168 8.4777406602537 218.05165100098
48.969985147833 8.4777446900996 218.03022766113
48.969977745429 8.4777484220591 217.99810791016
48.969969649858 8.4777526783137 217.95349121094
48.969962354615 8.4777564789058 217.9100189209
48.969955046543 8.4777603888428 217.8759765625
48.969946995879 8.4777647782059 217.84564208984
48.969939656127 8.4777688782208 217.82850646973
48.969932203328 8.4777728328872 217.82473754883
48.969924000906 8.4777774146178 217.81953430176
48.969916529776 8.4777816391806 217.80668640137
48.969908367494 8.4777866211709 217.7841796875
48.969900406217 8.4777911620526 217.81631469727
48.969892292513 8.4777958791848 217.86535644531
48.969883342389 8.4778010923363 217.92272949219
48.969875429744 8.4778059610779 217.94914245605
48.969867597361 8.477810921176 217.96182250977
48.969858951998 8.4778164394308 217.9835357666
48.969851210391 8.4778216336482 217.99398803711
48.969842693879 8.4778275176626 218.01164245605
48.969835031194 8.4778330188815 218.0170135498
48.969827344807 8.477838561282 218.01461791992
48.969819064823 8.4778447616428 218.0005645752
48.969811501132 8.477850494138 217.9959564209
48.969803998223 8.4778561926854 217.99049377441
48.969795748015 8.4778625311244 217.99176025391
48.969788337873 8.4778683904424 217.98782348633
48.969780198953 8.477874882884 217.98089599609
48.969772850259 8.477880836609 217.97549438477
48.96976555959 8.477886890424 217.96981811523
48.969757603781 8.4778936963395 217.95971679688
48.969750412339 8.4778998641232 217.94618225098
48.969743253008 8.4779061617775 217.9347076416
48.969735429575 8.4779130519175 217.92060852051
48.969728347227 8.4779193759366 217.91493225098
48.969720627453 8.4779264221147 217.89950561523
48.969713599688 8.4779328264651 217.88752746582
48.969706604817 8.4779393425137 217.87895202637
48.969698956379 8.4779466085731 217.8709564209
48.969692018209 8.4779532068187 217.8526763916
48.969685080787 8.4779598069485 217.83651733398
48.969677488944 8.4779670977463 217.8226776123
48.969670606641 8.4779737278938 217.80004882812
48.969663056043 8.4779809930913 217.77253723145
48.969656199776 8.4779876459729 217.75810241699
48.969649312783 8.4779943418532 217.74893188477
48.969641689379 8.4780017249932 217.73561096191
48.969634732485 8.4780084454244 217.71922302246
48.969627051527 8.4780158081766 217.6969909668
48.969620047855 8.4780224878206 217.67268371582
48.969612994255 8.4780291064479 217.64964294434
48.969605159282 8.4780363139659 217.62959289551
48.969597986331 8.4780428298244 217.61695861816
48.969590760424 8.478049260249 217.6044921875
48.969582737293 8.4780562735346 217.58726501465
48.969575385242 8.4780625889489 217.57197570801
48.969567253925 8.4780694751175 217.55250549316
48.96955984355 8.4780756387507 217.52041625977
48.96955237824 8.4780816772398 217.48246765137
48.969544087709 8.4780882132561 217.4488067627
48.96953648097 8.478094082204 217.4289855957
48.969528821303 8.4780998859864 217.41314697266
48.969520353099 8.4781062150714 217.39312744141
48.969512597462 8.4781118955038 217.37026977539
48.96950402759 8.4781181306809 217.34321594238
48.969496201807 8.4781238108571 217.31646728516
48.969488343397 8.478129392404 217.28846740723
48.969479648647 8.4781354802431 217.25828552246
48.969471696437 8.4781409834273 217.22889709473
48.969463718576 8.4781464560388 217.19715881348
48.969454889164 8.4781523835567 217.16552734375
48.969446846576 8.4781577540867 217.1356048584
48.969437982345 8.4781636084714 217.10079956055
48.969429909193 8.4781688858343 217.07067871094
48.969421828909 8.4781741418817 217.04231262207
48.969412936225 8.4781798497068 217.00965881348
48.969404840482 8.4781849672128 216.97724914551
48.969396730692 8.47819003997 216.94706726074
48.969387781435 8.47819556274 216.92253112793
48.969379611372 8.4782005393534 216.89912414551
48.969370633081 8.4782059928472 216.86143493652
48.96936248782 8.4782109460355 216.82011413574
48.969354348353 8.4782158421038 216.77304077148
48.96934538191 8.4782212255605 216.72637939453
48.969337211236 8.4782260853356 216.69439697266
48.969329026989 8.4782309295618 216.67071533203
48.969319999649 8.4782361911013 216.64918518066
48.969311791076 8.4782409762115 216.62414550781
48.969303584945 8.4782457700513 216.59379577637
48.969294566224 8.4782510313036 216.55718994141
48.969286382516 8.4782558215626 216.52040100098
48.96927737698 8.4782610746054 216.4782409668
48.969269178232 8.4782658796646 216.44296264648
48.969260963949 8.4782706588546 216.41253662109
48.969251943991 8.4782759253806 216.37490844727
48.969243751477 8.4782806949872 216.33743286133
48.969235559642 8.4782854812188 216.29791259766
48.969226540362 8.4782907304267 216.25880432129
48.969218348367 8.4782955107546 216.2258605957
48.969209360988 8.4783007545979 216.1848449707
48.969201211901 8.478305515739 216.14723205566
48.969193089465 8.4783102803404 216.10865783691
48.969184184862 8.478315480145 216.06579589844
48.969176117097 8.4783201877091 216.02346801758
48.969168106408 8.4783249400924 215.97944641113
48.969159339695 8.4783301628685 215.9287109375
48.969151446253 8.4783348939224 215.8839263916
48.969142841074 8.4783400472012 215.83395385742
48.969135118242 8.4783447130485 215.78689575195
48.969127495634 8.4783493421842 215.74310302734
48.969119234196 8.4783543923717 215.69682312012
48.969111843076 8.4783589346671 215.65460205078
48.969104573477 8.478363463697 215.61143493652
48.969096736551 8.4783684140271 215.56088256836
48.969089753799 8.4783728351577 215.50929260254
48.969082236485 8.4783775932705 215.44610595703
48.969075511807 8.4783818123968 215.38925170898
48.969068924861 8.4783859232782 215.33290100098
48.96906179458 8.4783903086249 215.27333068848
48.969055415826 8.4783941947738 215.22006225586
48.969049111915 8.4783979954604 215.17231750488
48.969042282702 8.4784021182675 215.12200927734
48.969036184065 8.478405825672 215.07759094238
48.969030166745 8.4784094679319 215.03186035156
48.969023651813 8.4784133731952 214.98348999023
48.969017809019 8.4784167941241 214.94311523438
48.969011470445 8.4784203931634 214.8973236084
48.969005745106 8.4784236096707 214.8522644043
48.969000016151 8.4784267483179 214.80471801758
48.968993648915 8.4784301256191 214.75389099121
48.968987794772 8.4784331297436 214.71504211426
48.968981273414 8.4784363846886 214.67710876465
48.968975300866 8.4784392302259 214.63700866699
48.968969269913 8.478441988156 214.59280395508
48.968962590328 8.4784449338114 214.53665161133
48.968956462501 8.478447531461 214.47872924805
48.96895029942 8.478450008186 214.41897583008
48.968943449639 8.4784526210744 214.34950256348
48.968937162559 8.4784549524482 214.28814697266
48.968930167189 8.4784574978727 214.22535705566
48.968923716303 8.4784597766449 214.17475891113
48.968917202588 8.4784621180765 214.12010192871
48.968909973048 8.4784646877655 214.05020141602
48.968903376505 8.4784669662331 213.96794128418
48.968896727822 8.4784692082905 213.87110900879
48.968889362533 8.4784716352735 213.76304626465
48.968882601844 8.4784737525089 213.66720581055
48.968875120036 8.478475992228 213.55931091309
48.968868319033 8.4784779111218 213.4592590332
48.968861568937 8.4784797713527 213.35598754883
48.968854190834 8.4784817943564 213.23207092285
48.968847508178 8.478483574923 213.12091064453
48.968840862491 8.4784853097667 213.01174926758
48.96883361053 8.4784871165683 212.89506530762
48.968827062172 8.4784886480777 212.78970336914
48.968819923163 8.4784901649177 212.67721557617
48.968813490374 8.4784914719065 212.5772857666
48.968807143696 8.4784926531788 212.47738647461
48.96880026643 8.4784937919827 212.36715698242
48.968794074902 8.4784947358217 212.26655578613
48.968787915522 8.4784956478106 212.16168212891
48.968781121421 8.4784965388041 212.05006408691
48.96877494386 8.478497162105 211.95617675781
48.968768180884 8.4784975797561 211.85891723633
48.968762027461 8.4784977396098 211.77320861816
48.968755833151 8.4784976697221 211.68891906738
48.968748955367 8.4784973411617 211.60206604004
48.968742637971 8.4784968048202 211.52656555176
48.96873563992 8.4784960073418 211.44282531738
48.968729220086 8.478495106186 211.37107849121
48.968722767199 8.4784940701994 211.30078125
48.968715667809 8.4784927238072 211.22024536133
48.968709194016 8.4784913871933 211.1402130127
48.968702676954 8.4784900091358 211.0558013916
48.968695471987 8.4784884255272 210.95593261719
48.968688908713 8.4784868720088 210.86204528809
48.968681723912 8.4784850698418 210.7575378418
48.968675243402 8.4784835186114 210.65896606445
48.96866876278 8.4784819047603 210.54995727539
48.968661598683 8.4784799308093 210.42788696289
48.968654987376 8.4784781519172 210.33915710449
48.968648303911 8.4784763539374 210.27069091797
48.968640997822 8.4784742756708 210.19445800781
48.968634456288 8.4784724224771 210.11285400391
48.968627326844 8.4784704605346 210.0143737793
48.968620872374 8.4784686263411 209.92640686035
48.968614391527 8.478466815156 209.86749267578
48.968607265954 8.4784649968292 209.83380126953
48.968600892799 8.4784633791868 209.80113220215
48.968594635439 8.4784617343877 209.75479125977
48.968587866165 8.4784599509771 209.693359375
48.968581757656 8.4784584074754 209.64413452148
48.968575082948 8.4784567846709 209.59963989258
48.968569084707 8.4784553789668 209.5588684082
48.96856317985 8.4784540171556 209.51763916016
48.968556777747 8.478452603368 209.47901916504
48.968551043668 8.4784513281809 209.44697570801
48.968545357965 8.4784500646637 209.42260742188
48.968539149844 8.4784486437817 209.40058898926
48.968533571751 8.4784472224483 209.37925720215
48.968527546093 8.4784454841442 209.35690307617
48.968522234356 8.4784437769123 209.34252929688
48.968517139057 8.4784420632793 209.32720947266
48.968511732915 8.478440066982 209.31217956543
48.968507022128 8.4784382402396 209.29730224609
48.968502049483 8.4784361389846 209.28157043457
48.968497736126 8.4784342579025 209.26937866211
48.9684936433 8.4784323026912 209.26112365723
48.968489426414 8.4784301181052 209.2536315918
48.96848585334 8.478428103415 209.24407958984
48.968482484747 8.4784261464254 209.23121643066
48.968479008599 8.478424109261 209.21746826172
48.968475996225 8.4784222476182 209.20097351074
48.968472867382 8.4784201737415 209.19035339355
48.96847018484 8.4784183273941 209.1904296875
48.968467661907 8.4784164705784 209.19555664062
48.968465052222 8.4784145368215 209.20202636719
48.968462796138 8.47841295791 209.20542907715
48.968460676247 8.4784115602845 209.20965576172
48.96845851673 8.4784101142197 209.2110748291
48.968456734601 8.4784088882527 209.21038818359
48.968454992622 8.4784076238857 209.21113586426
48.9684536017 8.478406586702 209.21501159668
48.968452348857 8.4784056515708 209.21903991699
48.968451004377 8.4784047746851 209.21354675293
48.968449793309 8.4784040114806 209.20964050293
48.968448582899 8.4784032410197 209.2073059082
48.96844727168 8.4784022689925 209.20910644531
48.968446106104 8.478401415799 209.2080078125
48.968444929385 8.4784006560454 209.2056427002
48.968443623932 8.478399915062 209.20275878906
48.968442437937 8.4783992619435 209.20086669922
48.968441103104 8.4783984996099 209.19711303711
48.968439811163 8.4783977223054 209.1949005127
48.968438408867 8.4783968827461 209.19216918945
48.96843668443 8.4783959288865 209.18647766113
48.968434977055 8.4783950418438 209.18029785156
48.968433182921 8.4783940928338 209.17953491211
48.968431127088 8.4783928895882 209.18832397461
48.968429187002 8.4783916980102 209.19651794434
48.968426956843 8.4783904417809 209.20202636719
48.968424858886 8.4783892920435 209.20043945312
48.968422702171 8.4783881600911 209.19654846191
48.968420246889 8.4783869924251 209.19920349121
48.968417938887 8.4783859430498 209.2017364502
48.968415526808 8.478384922617 209.20059204102
48.968412726981 8.4783838821465 209.19540405273
48.96841005671 8.4783830284279 209.1841583252
48.968407278582 8.4783822771201 209.17404174805
48.968404127135 8.4783813948349 209.17372131348
48.968401136028 8.4783806378738 209.17848205566
48.968397705296 8.4783799194 209.18293762207
48.968394447053 8.4783793870358 209.18440246582
48.968391052358 8.4783789868127 209.18507385254
48.968387154257 8.478378674779 209.18553161621
48.96838345991 8.4783786805614 209.18640136719
48.968379633556 8.4783791199863 209.19036865234
48.968375225886 8.4783798168835 209.19598388672
48.968371053638 8.4783804534164 209.20007324219
48.968366287693 8.4783813494199 209.20426940918
48.968361797291 8.4783822096106 209.2075958252
48.968357158796 8.4783832410212 209.21186828613
48.968351896186 8.4783842396172 209.21577453613
48.968347015599 8.478385000369 209.21527099609
48.968341985638 8.4783860177083 209.21588134766
48.968336318043 8.4783873601879 209.21769714355
48.96833103285 8.4783888465058 209.22062683105
48.968325077236 8.478390654599 209.22431945801
48.968319443952 8.4783923470047 209.24069213867
48.968313660887 8.4783941244075 209.2618560791
48.968307150279 8.4783962404021 209.29040527344
48.968301134102 8.4783983564467 209.31060791016
48.968294992635 8.4784005532035 209.32786560059
48.968288127957 8.4784031942224 209.34075927734
48.968281748244 8.4784056325977 209.35424804688
48.968274617927 8.4784084873653 209.36578369141
48.968267997843 8.4784111038201 209.37796020508
48.968261265657 8.478413840564 209.38659667969
48.968253733063 8.4784169313997 209.39836120605
48.968246775572 8.4784198573078 209.40979003906
48.968239734556 8.4784228412304 209.42239379883
48.968231891046 8.4784261715653 209.43923950195
48.968224683577 8.478429270744 209.45484924316
48.968216663017 8.4784327507217 209.47387695312
48.968209284936 8.4784360120878 209.49066162109
48.968201801659 8.4784393141926 209.50674438477
48.968193475059 8.4784430501654 209.52453613281
48.968185809956 8.4784465045935 209.54650878906
48.968178040347 8.4784500105927 209.57106018066
48.968169385781 8.478453878895 209.59934997559
48.968161414918 8.4784574253936 209.61735534668
48.968152549194 8.4784613455416 209.6365814209
48.968144402872 8.4784649860154 209.65745544434
48.968136167538 8.4784686850266 209.67823791504
48.968126991758 8.4784728137388 209.7021484375
48.96811855855 8.4784766371764 209.72520446777
48.968110044609 8.4784804924151 209.7458190918
48.968100579482 8.4784848044065 209.76910400391
48.968091881565 8.4784887650674 209.7917175293
48.968082292683 8.478493140198 209.83198547363
48.968073652132 8.4784973179357 209.85731506348
48.96806488712 8.4785014801951 209.87968444824
48.96805518732 8.4785060463832 209.90341186523
48.968046269849 8.4785101940694 209.93032836914
48.968036405676 8.4785146835334 209.96203613281
48.968027379724 8.4785186431306 209.98796081543
48.968018349693 8.4785224858382 210.00915527344
48.968008348994 8.4785264659478 210.03330993652
48.967999152548 8.4785298438212 210.05950927734
48.967989934808 8.4785329981039 210.0806427002
48.967979683874 8.4785361538357 210.10096740723
48.967970344007 8.478538777154 210.11854553223
48.967959955605 8.4785413979414 210.15226745605
48.967950470794 8.4785436319591 210.20347595215
48.967940918721 8.4785454583126 210.24819946289
48.967930394391 8.4785471077951 210.2914276123
48.967920791948 8.4785482307051 210.32539367676
48.967910209513 8.4785490340643 210.36868286133
48.967900594915 8.4785492891517 210.40957641602
48.967890980375 8.4785491058159 210.45048522949
48.967880414584 8.4785483482492 210.50135803223
48.96787079956 8.4785472138431 210.55627441406
48.967860253439 8.4785454234122 210.61990356445
48.967850680588 8.4785433847205 210.68226623535
48.967841138948 8.4785409483785 210.75282287598
48.967830609603 8.4785377859948 210.83299255371
48.9678210575 8.4785345647252 210.9037322998
48.967811549901 8.47853107344 210.97360229492
48.967801122894 8.4785268526275 211.05340576172
48.967791677029 8.4785226797818 211.13005065918
48.967782284767 8.4785182240492 211.20404052734
48.96777190441 8.4785130782055 211.27192687988
48.967762487851 8.4785083162932 211.33210754395
48.967752124301 8.4785030153051 211.40713500977
48.967742721128 8.4784981476367 211.47814941406
48.967733267623 8.4784931796099 211.54571533203
48.967722846184 8.4784876193687 211.6215057373
48.967713292732 8.4784824451685 211.69152832031
48.967703691282 8.4784771826458 211.76708984375
48.967693038169 8.4784713098693 211.85321044922
48.967683292023 8.4784658871821 211.927734375
48.967673492556 8.4784604377249 211.99766540527
48.967662659185 8.478454367059 212.07211303711
48.967652754649 8.478448784491 212.14683532715
48.96764177992 8.4784425876236 212.23713684082
48.967631744078 8.4784369284454 212.32022094727
48.967621640239 8.4784312524249 212.40225219727
48.967610458131 8.4784249902517 212.4917755127
48.967600219103 8.4784192292712 212.576171875
48.967589924208 8.4784134130407 212.66200256348
48.967578563261 8.4784068823417 212.75080871582
48.967568179328 8.4784008694515 212.8349609375
48.967556683582 8.4783941908942 212.92906188965
48.967546188189 8.4783880299286 213.01637268066
48.96753564425 8.4783817854837 213.10162353516
48.967523834973 8.4783746173215 213.17491149902
48.967513051576 8.4783680246135 213.23976135254
48.967502197745 8.4783613120186 213.30142211914
48.967490266624 8.4783539000326 213.38075256348
48.967479343605 8.4783470052014 213.45114135742
48.967468407196 8.4783400787779 213.5255279541
48.967456323231 8.4783323656251 213.6128692627
48.967445320117 8.4783252916434 213.70581054688
48.967433157773 8.4783173930205 213.80854797363
48.967422069227 8.4783101141387 213.89984130859
48.967410938565 8.478302740988 213.99105834961
48.967398644476 8.4782944894623 214.09155273438
48.967387431898 8.4782868965739 214.18316650391
48.967376168858 8.4782791854902 214.27581787109
48.967363733811 8.47827064782 214.37747192383
48.967352377388 8.478262788201 214.47128295898
48.967339827615 8.4782540979771 214.57553100586
48.967328368585 8.4782461020819 214.67095947266
48.967316859922 8.4782380449705 214.76550292969
48.967304155642 8.4782291065646 214.87245178223
48.967292553883 8.4782209428656 214.96479797363
48.967280903577 8.4782127404372 215.0591583252
48.967268029966 8.4782036633779 215.16523742676
48.967256228283 8.4781952980943 215.26707458496
48.967243290724 8.4781861233239 215.37115478516
48.967231532338 8.4781777774967 215.46115112305
48.9672197585 8.4781694265016 215.55606079102
48.967206770735 8.4781602291345 215.66270446777
48.967194912315 8.4781519161743 215.77348327637
48.967183004186 8.4781435972519 215.88792419434
48.967169892269 8.4781344459802 216.01635742188
48.96715798365 8.478126097918 216.13121032715
48.967146064468 8.4781177382154 216.24731445312
48.967132940141 8.478108541506 216.3758392334
48.967121014718 8.4781002056138 216.48602294922
48.967107879952 8.4780911159827 216.60523986816
48.967095944935 8.4780828655483 216.71376037598
48.967084005587 8.478074632022 216.81904602051
48.967070878012 8.4780655510186 216.93334960938
48.967058952124 8.4780573156845 217.03720092773
48.967047031368 8.4780491256329 217.1396484375
48.967033966692 8.4780401350725 217.25212097168
48.967022105941 8.4780319297581 217.35420227051
48.967009077681 8.4780228408974 217.46263122559
48.966997263302 8.4780145606264 217.55860900879
48.966985451225 8.4780062659017 217.65185546875
48.966972438798 8.4779971992737 217.75538635254
48.966960590918 8.4779890296859 217.85647583008
48.9669487563 8.4779808722223 217.95974731445
48.966935734282 8.4779719570125 218.06848144531
48.966923879489 8.4779638243218 218.16337585449
48.966910835133 8.4779549302318 218.2670135498
48.966898995658 8.4779467728506 218.36322021484
48.966887164258 8.4779387032266 218.4620513916
48.966874154271 8.4779298110657 218.56739807129
48.966862340483 8.4779217456332 218.66470336914
48.966850537979 8.4779136814177 218.76390075684
48.966837598418 8.4779047638818 218.87490844727
48.966825872875 8.477896742524 218.97305297852
48.966814206584 8.4778887797442 219.07043457031
48.966801412651 8.4778801606194 219.1873626709
48.966789861955 8.4778723431909 219.29566955566
48.966777231635 8.4778638361696 219.40979003906
48.966765862214 8.4778561105325 219.5090637207
48.966754518498 8.4778484509671 219.60511779785
48.9667421008 8.4778400696378 219.71160888672
48.96673087553 8.4778325110997 219.80625915527
48.966719721475 8.4778250002801 219.90272521973
48.966707589808 8.4778167873438 220.00831604004
48.966696688499 8.4778094110152 220.10282897949
48.966685976217 8.4778021595586 220.1932220459
48.966674361958 8.4777943165899 220.29321289062
48.966664057387 8.4777873135203 220.37814331055
48.966652955257 8.4777797086928 220.46246337891
48.966643099029 8.4777729037347 220.53706359863
48.966633418556 8.4777662659432 220.61946105957
48.966623038122 8.4777591162868 220.71563720703
48.966613876092 8.4777528135033 220.79402160645
48.966604946281 8.4777467124034 220.86758422852
48.966595429762 8.4777402356201 220.9436340332
48.966587053868 8.4777345142573 221.01341247559
48.96657818822 8.4777284530862 221.08767700195
48.966570378109 8.4777232855339 221.15266418457
48.966562906167 8.4777183273205 221.21260070801
48.966555049069 8.4777130996878 221.27305603027
48.96654822162 8.4777085221731 221.33110046387
48.966541755128 8.4777041541301 221.3853302002
48.966534993698 8.4776996163475 221.44198608398
48.966529145338 8.4776956957048 221.48851013184
48.966523046462 8.4776914811667 221.5366973877
48.96651781351 8.4776877688006 221.57800292969
48.966512871587 8.4776839801898 221.61375427246
48.966507672543 8.4776796783383 221.65093994141
48.96650305043 8.4776756470317 221.68682861328
48.966498130621 8.477671067443 221.72915649414
48.966493840978 8.4776666449144 221.76667785645
48.966489743634 8.4776620170243 221.80116271973
48.966485448795 8.4776566619151 221.8410949707
48.966481783789 8.4776516237212 221.87707519531
48.96647807481 8.4776457624065 221.9115447998
48.966474966229 8.4776402676438 221.93998718262
48.966471975004 8.4776338965877 221.96055603027
48.966469570496 8.4776280098431 221.98747253418
48.966467467244 8.4776218811837 222.01809692383
48.966465384963 8.4776149832844 222.04951477051
48.966463745343 8.4776085217493 222.07574462891
48.96646227416 8.4776012356658 222.10643005371
48.966461282284 8.4775944193854 222.13777160645
48.966460581085 8.4775874561283 222.16304016113
48.96646009687 8.4775796467537 222.17713928223
48.966459913885 8.4775724019669 222.18771362305
48.966460064399 8.4775643400009 222.21133422852
48.966460536603 8.4775569169265 222.24108886719
48.966461244235 8.4775493801611 222.2795715332
48.966462440744 8.4775410909582 222.3150177002
48.966463930417 8.4775335587742 222.34426879883
48.966465894744 8.4775253239312 222.37944030762
48.966468120557 8.4775179402399 222.4080657959
48.966470775065 8.4775106504018 222.43775939941
48.966474083184 8.4775028108495 222.47807312012
48.96647749285 8.4774958278873 222.51507568359
48.966481237832 8.4774890239861 222.55247497559
48.966485734304 8.4774817632936 222.58396911621
48.966490068603 8.4774753110324 222.61183166504
48.966494656535 8.4774690663614 222.64315795898
48.966499993518 8.4774623724472 222.68849182129
48.966505071056 8.4774565125691 222.73057556152
48.966510315447 8.4774506641571 222.77096557617
48.966516218145 8.477444355455 222.81216430664
48.966521736459 8.4774387485187 222.84886169434
48.966528063107 8.4774326032928 222.87744140625
48.966533923512 8.4774270374501 222.90629577637
48.966539847284 8.4774216039273 222.9388885498
48.966546538241 8.4774158469943 222.96569824219
48.96655279605 8.4774107889116 222.9880065918
48.966559173698 8.4774059132574 223.00672912598
48.966566260325 8.4774007292388 223.02320861816
48.966572853649 8.4773963630701 223.03067016602
48.966580192516 8.4773918152687 223.04049682617
48.966586990546 8.477387952578 223.05181884766
48.966593936439 8.4773842229269 223.0567779541
48.966601651299 8.4773804233979 223.06253051758
48.966608751992 8.4773772691946 223.06298828125
48.966615907421 8.4773742046553 223.06433105469
48.966623961143 8.4773709029542 223.06213378906
48.966631349241 8.4773678995481 223.05870056152
48.96663879184 8.4773648422901 223.05241394043
48.966647044384 8.477361468708 223.03846740723
48.966654603454 8.477358458469 223.01878356934
48.966663026027 8.4773551262074 222.99726867676
48.966670736222 8.4773520735235 222.9850769043
48.966678553396 8.477348879697 222.9849395752
48.966687179484 8.4773453125168 222.99713134766
48.966695075753 8.4773418586623 223.00469970703
48.966703006772 8.4773383162989 223.01268005371
48.966711820571 8.4773344801343 223.0276184082
48.966719956412 8.4773309177047 223.04640197754
48.966728985875 8.4773269410219 223.07284545898
48.966737313904 8.4773233082182 223.0926361084
48.966745693427 8.4773196601074 223.11489868164
48.966754964329 8.4773155693382 223.13385009766
48.966763431079 8.4773118909746 223.14445495605
48.966771865781 8.4773081552544 223.15528869629
48.966781118986 8.4773039884624 223.1658782959
48.966789503318 8.4773001495963 223.17706298828
48.966797891432 8.4772961711325 223.18397521973
48.966807103989 8.4772917798112 223.18721008301
48.966815381845 8.4772877567486 223.19857788086
48.966824457016 8.4772832478089 223.22087097168
48.96683264833 8.4772791128269 223.2393951416
48.966840782865 8.4772751271625 223.24440002441
48.966849668473 8.4772706959849 223.2508392334
48.966857608068 8.477266659951 223.26850891113
48.966865544357 8.4772625152586 223.28157043457
48.966874241959 8.4772580201196 223.27958679199
48.966882114729 8.4772539998507 223.27072143555
48.966890701271 8.4772496378676 223.26893615723
48.966898397628 8.4772457019846 223.27584838867
48.966905987689 8.4772417645772 223.28454589844
48.966914240287 8.4772374702416 223.28509521484
48.966921685717 8.4772334985667 223.28555297852
48.966929007024 8.4772295853502 223.28761291504
48.966936943331 8.4772253550443 223.28749084473
48.96694401107 8.4772214770351 223.27514648438
48.966951615141 8.4772172853112 223.26683044434
48.966958405295 8.477213505174 223.25843811035
48.966965005952 8.4772097774442 223.25215148926
48.966972051005 8.4772057427855 223.23490905762
48.966978260216 8.477202191584 223.22874450684
48.96698429331 8.4771987948619 223.23199462891
48.966990688138 8.4771951973348 223.23356628418
48.96699628263 8.4771919746969 223.23727416992
48.967002165914 8.4771884975404 223.23931884766
48.967007280432 8.4771855112529 223.2395324707
48.967012149891 8.4771825944119 223.2435760498
48.967017229231 8.4771795941106 223.2425994873
48.967021551246 8.4771770809141 223.24627685547
48.967025613469 8.4771746793844 223.24993896484
48.967029792225 8.4771722232856 223.24635314941
48.967033311727 8.4771700898341 223.24008178711
48.967036934469 8.477167967217 223.22917175293
48.967039980004 8.4771663338961 223.2225189209
48.967042805597 8.4771648039475 223.22354125977
48.967045628601 8.4771632035163 223.21374511719
48.967047971205 8.4771618350363 223.20851135254
48.967050121287 8.4771606882259 223.1988067627
48.967052306356 8.4771594712173 223.20048522949
48.96705410159 8.4771583891184 223.19879150391
48.967055879459 8.4771573584969 223.18597412109
48.967057769777 8.4771562480579 223.17045593262
48.967059450534 8.4771552344793 223.16523742676
48.967061299652 8.4771541552668 223.15194702148
48.967062971695 8.477153147039 223.14291381836
48.967064605895 8.4771521408909 223.13836669922
48.967066406796 8.4771510712798 223.12803649902
48.967068051591 8.4771500726224 223.11689758301
48.967069677199 8.4771490723387 223.10707092285
48.96707148904 8.4771479916448 223.10218811035
48.967073085301 8.4771470654047 223.10087585449
48.967074809103 8.4771460616872 223.10520935059
48.967076300911 8.4771451787042 223.10890197754
48.967077762852 8.4771442638036 223.11486816406
48.967079368891 8.4771432681592 223.11416625977
48.96708079853 8.4771424241973 223.11933898926
48.967082189661 8.4771416158718 223.12484741211
48.967083646134 8.4771407712543 223.12466430664
48.967084885628 8.4771399880133 223.11973571777
48.967086179202 8.4771391459982 223.12216186523
48.967087335982 8.4771384272509 223.12759399414
48.9670884803 8.4771377585156 223.13203430176
48.967089747442 8.4771370202714 223.1319732666
48.967090855469 8.4771362963473 223.13194274902
48.967092011392 8.4771355539151 223.1258392334
48.967093254515 8.4771347284298 223.11915588379
48.967094331338 8.4771340142858 223.11940002441
48.967095376801 8.4771333368462 223.12303161621
48.967096523026 8.4771325985785 223.1286315918
48.967097568369 8.4771319178135 223.13276672363
48.967098748343 8.4771311490287 223.13137817383
48.96709987585 8.4771304467316 223.12422180176
48.967101088375 8.4771296970911 223.11326599121
48.967102514171 8.4771288254611 223.10600280762
48.967103956945 8.4771279340156 223.099609375
48.967105599773 8.4771269136593 223.09530639648
48.967107650099 8.4771256147949 223.09358215332
48.967109739511 8.4771242950321 223.09425354004
48.967112298892 8.4771227180081 223.09390258789
48.967114868091 8.4771211425598 223.08506774902
48.967117633296 8.477119376999 223.06884765625
48.967120898909 8.4771172428669 223.06224060059
48.967124034648 8.477115175207 223.06196594238
48.967127423663 8.4771129621 223.04693603516
48.967131283735 8.4771103504162 223.03985595703
48.967134961088 8.4771077520052 223.03828430176
48.967138774989 8.4771049977642 223.03158569336
48.967143146993 8.4771017167869 223.01995849609
48.967147313575 8.477098571941 223.01560974121
48.967152065052 8.4770949574217 223.00765991211
48.967156473368 8.4770914589287 223.00033569336
48.967160979452 8.4770876802976 222.99130249023
48.967166103148 8.4770833380894 222.98268127441
48.967170860027 8.4770792672904 222.97686767578
48.96717626586 8.477074540767 222.9674987793
48.967181309266 8.4770701271598 222.95626831055
48.967186505838 8.4770656121466 222.94328308105
48.967192358627 8.4770604660031 222.93409729004
48.967197806454 8.4770555827432 222.92875671387
48.967203353777 8.4770505931261 222.91581726074
48.967209581695 8.4770448836562 222.90721130371
48.967215408078 8.4770396532756 222.90197753906
48.967221963239 8.4770337438837 222.90927124023
48.96722800294 8.4770281569771 222.92446899414
48.967234127536 8.4770224470638 222.94097900391
48.967241003067 8.4770160528073 222.95726013184
48.967247376553 8.4770101307804 222.96369934082
48.967253848813 8.4770040030076 222.97994995117
48.967261095029 8.4769972161744 222.98741149902
48.967267725912 8.476990880738 222.99937438965
48.967274435183 8.4769844902296 223.00836181641
48.967281822908 8.4769773429114 223.02763366699
48.967288537325 8.4769707861122 223.03713989258
48.967295896062 8.4769635309589 223.04672241211
48.96730259074 8.4769569794181 223.05522155762
48.967309255138 8.4769503959747 223.06565856934
48.967316573154 8.4769430456034 223.08126831055
48.96732325138 8.4769364382275 223.08674621582
48.967329934943 8.4769298701995 223.0955657959
48.967337310967 8.4769226766136 223.10548400879
48.967344071133 8.4769160448755 223.11558532715
48.967351529392 8.4769087127741 223.13269042969
48.967358339363 8.4769020188495 223.14042663574
48.967365178124 8.4768953785051 223.15031433105
48.967372744092 8.4768880626847 223.16223144531
48.967379663502 8.4768814477969 223.17512512207
48.967386613915 8.4768748162843 223.18704223633
48.967394293896 8.4768675020622 223.20585632324
48.967401294299 8.4768609137128 223.2188873291
48.967409039981 8.4768536613076 223.22605895996
48.967416113934 8.4768470697854 223.23835754395
48.967423195293 8.4768404696063 223.25482177734
48.967431040755 8.4768331874284 223.28172302246
48.967438191072 8.4768265267086 223.30209350586
48.967445351097 8.4768198464399 223.31832885742
48.967453270734 8.4768124676428 223.33163452148
48.967460480366 8.4768057415645 223.35273742676
48.967468432399 8.4767983187724 223.37731933594
48.967475652939 8.4767915417315 223.39505004883
48.967482855294 8.4767847781131 223.41661071777
48.967490743528 8.4767773349324 223.44415283203
48.967497880266 8.4767705062432 223.47959899902
48.967504978993 8.476763671076 223.51264953613
48.967512787095 8.4767561531952 223.54219055176
48.967519867659 8.4767493452675 223.55857849121
48.967526909633 8.4767425223439 223.57376098633
48.967534611883 8.4767350049827 223.59074401855
48.967541572016 8.4767282148929 223.61141967773
48.967549182699 8.4767207629197 223.62937927246
48.96755603926 8.4767139697654 223.650390625
48.967562861451 8.4767071870627 223.67361450195
48.967570325541 8.4766997360921 223.69929504395
48.967577096522 8.4766929479436 223.72499084473
48.967583814972 8.4766861831072 223.74151611328
48.967591124606 8.4766787676872 223.76184082031
48.967597766889 8.4766720763837 223.78184509277
48.967605070558 8.476664806746 223.80233764648
48.967611700637 8.4766582930316 223.82647705078
48.967618289993 8.4766518887194 223.84674072266
48.967625429398 8.4766449028149 223.8773651123
48.967631860553 8.4766386381589 223.90553283691
48.967638203416 8.4766324473309 223.93328857422
48.967645061229 8.4766257251949 223.96180725098
48.967651162422 8.4766197962607 223.9801940918
48.967657680817 8.4766134643387 224.01300048828
48.967663479111 8.476607865608 224.04602050781
48.967669153581 8.4766024717235 224.07945251465
48.967675231983 8.476596793285 224.11608886719
48.967680531099 8.4765918414446 224.14479064941
48.96768559264 8.4765870160405 224.17842102051
48.96769092535 8.4765820194547 224.2126159668
48.967695563477 8.4765776768618 224.24174499512
48.967700010599 8.4765734418659 224.27670288086
48.967704692153 8.476568975758 224.31581115723
48.96770878383 8.4765651260302 224.35565185547
48.967713098609 8.4765609993098 224.40093994141
48.967716899099 8.4765572880894 224.43092346191
48.967720605839 8.4765536777666 224.46299743652
48.967724595398 8.4765498284741 224.49694824219
48.96772814156 8.4765464359496 224.53353881836
48.96773162583 8.47654308533 224.56684875488
48.967735367786 8.4765395187338 224.59817504883
48.967738687512 8.4765363485455 224.62107849121
48.96774228846 8.4765329877273 224.64624023438
48.967745488843 8.4765299921738 224.66806030273
48.96774862126 8.4765270656579 224.68910217285
48.967751996601 8.4765239170178 224.71128845215
48.967754959189 8.4765211301027 224.73001098633
48.967757816075 8.4765184208712 224.75308227539
48.967760844231 8.4765155849065 224.7808380127
48.967763482462 8.4765131091563 224.81619262695
48.967766300043 8.4765104211533 224.84544372559
48.967768759549 8.4765080774051 224.87644958496
48.967771164789 8.4765058479074 224.90446472168
48.967773711346 8.4765035031499 224.93701171875
48.967775963198 8.4765014205496 224.95851135254
48.967778118071 8.4764993766881 224.97659301758
48.967780352715 8.4764971820015 224.99597167969
48.967782268433 8.4764952740511 225.01216125488
48.967784232528 8.4764933110586 225.03672790527
48.967785894888 8.4764916673353 225.05894470215
48.967787500663 8.4764901395453 225.07514953613
48.96778913768 8.476488538662 225.09352111816
48.967790551988 8.4764871256349 225.11131286621
48.967791849462 8.4764857773533 225.12905883789
48.967793185568 8.4764843508925 225.14474487305
48.967794330827 8.4764831511611 225.15434265137
48.967795411128 8.4764820339145 225.16390991211
48.96779651988 8.4764808388868 225.17304992676
48.967797453167 8.4764798300248 225.18115234375
48.96779842647 8.4764788024077 225.19009399414
48.967799252547 8.4764779350403 225.1993560791
48.967800001766 8.4764771223506 225.21000671387
48.967800773525 8.4764762620807 225.21766662598
48.967801438362 8.4764755189352 225.22610473633
48.967802095734 8.4764748483214 225.23237609863
48.967802780328 8.4764741976892 225.24046325684
48.967803329218 8.476473625239 225.24736022949
48.967803905991 8.4764730544129 225.2515411377
48.967804422776 8.4764725807878 225.24949645996
48.967804878756 8.4764721286033 225.25335693359
48.967805343249 8.4764716761301 225.26338195801
48.967805742357 8.4764712706474 225.26988220215
48.967806115498 8.4764708759547 225.27603149414
48.967806490125 8.4764704869645 225.2804107666
48.967806804052 8.4764701659505 225.28576660156
48.967807105283 8.4764698521526 225.29124450684
48.967807355331 8.4764695829493 225.29739379883
48.967807565338 8.4764693377643 225.30253601074
48.967807759713 8.4764691057655 225.30812072754
48.967807898935 8.4764689310361 225.31092834473
48.967808012145 8.4764687829962 225.31282043457
48.967808112415 8.4764686419814 225.31468200684
48.967808196397 8.47646853425 225.31307983398
48.96780829 8.4764684223727 225.30949401855
48.967808373988 8.4764683182953 225.30615234375
48.967808542207 8.4764682096598 225.29759216309
48.96780872268 8.4764680759567 225.28993225098
48.967808970009 8.4764679329657 225.27925109863
48.967809215567 8.4764677511284 225.27210998535
48.967809509801 8.4764675383273 225.2660369873
48.967809757195 8.4764673172975 225.26434326172
48.967810002562 8.4764670732448 225.26399230957
48.967810311268 8.476466755163 225.26365661621
48.967810619941 8.4764664371695 225.26419067383
48.967810988638 8.4764660279685 225.26533508301
48.967811343932 8.4764656289828 225.2678527832
48.967811748747 8.4764651873676 225.27430725098
48.967812223435 8.4764646767821 225.28106689453
48.96781271547 8.4764641749784 225.29026794434
48.967813227548 8.4764636551449 225.29943847656
48.967813827413 8.4764630199915 225.31280517578
48.967814404387 8.4764624078153 225.3249206543
48.96781508554 8.4764616922559 225.34091186523
48.967815734299 8.4764610231957 225.35452270508
48.9678164105 8.4764603302651 225.36856079102
48.967817190309 8.4764594853573 225.38603210449
48.967817912067 8.4764587017885 225.39910888672
48.967818642995 8.4764578994966 225.41648864746
48.967819492071 8.4764570270286 225.42916870117
48.967820306179 8.4764562004124 225.44338989258
48.967821125293 8.4764553530514 225.45805358887
48.96782204266 8.4764544348571 225.47735595703
48.967822890603 8.4764536102171 225.49337768555
48.967823797405 8.4764526991465 225.51498413086
48.967824575156 8.4764518807403 225.5364074707
48.967825314233 8.4764510911112 225.55490112305
48.967826089223 8.476450234125 225.57304382324
48.967826774889 8.4764495128379 225.5853729248
48.967827422041 8.476448822137 225.60079956055
48.967828074589 8.4764481238423 225.61637878418
48.967828614367 8.4764475166805 225.63368225098
48.967829151636 8.4764469328378 225.6457824707
