0.000000 0.000104 0.000060
-1.088274 -0.103889 0.005690
-2.176547 -0.207881 0.011320
-3.264821 -0.311873 0.016950
-4.353095 -0.415866 0.022580
-5.441369 -0.519857 0.028210
-6.529643 -0.623849 0.033839
-7.617917 -0.727840 0.039469
-8.706191 -0.831831 0.045098
-9.794465 -0.935822 0.050727
-10.882739 -1.039813 0.056355
-11.971013 -1.143804 0.061984
-13.059287 -1.247794 0.067612
-14.090172 -1.345961 0.073385
-15.235836 -1.455774 0.078868
-16.496497 -1.576481 0.084923
-17.642627 -1.686915 0.089711
-18.903135 -1.809213 0.093751
-20.048957 -1.921521 0.097303
-21.195566 -2.034524 0.103113
-22.456779 -2.159674 0.110188
-23.603031 -2.273630 0.116234
-24.864427 -2.401063 0.121341
-26.012109 -2.517486 0.128432
-27.159420 -2.634302 0.131090
-28.420982 -2.763838 0.134617
-29.567576 -2.881719 0.138647
-30.828945 -3.013401 0.144485
-31.975707 -3.133573 0.151636
-33.122773 -3.254546 0.159046
-34.385652 -3.388455 0.165280
-35.533382 -3.511133 0.171453
-36.795743 -3.646377 0.179327
-37.943491 -3.770531 0.186019
-39.091005 -3.894502 0.192513
-40.352852 -4.031372 0.197296
-41.500263 -4.156418 0.200340
-42.763203 -4.296294 0.203147
-43.912529 -4.422469 0.205512
-45.062553 -4.546982 0.204619
-46.329128 -4.680881 0.200558
-47.481215 -4.800690 0.194950
-48.633401 -4.918504 0.182330
-49.901636 -5.047291 0.168839
-51.055915 -5.164556 0.160109
-52.326898 -5.290742 0.152210
-53.482814 -5.405936 0.145547
-54.639230 -5.521019 0.139205
-55.911965 -5.650286 0.136806
-57.068581 -5.770063 0.131097
-58.339492 -5.903545 0.123425
-59.494382 -6.025421 0.117463
-60.648261 -6.147714 0.111723
-61.916384 -6.280788 0.105546
-63.068714 -6.402793 0.099965
-64.334273 -6.536638 0.096260
-65.482287 -6.659451 0.087711
-66.628619 -6.783434 0.077361
-67.887872 -6.920113 0.071084
-69.029736 -7.043709 0.065403
-70.282699 -7.179124 0.059087
-71.420198 -7.301320 0.055580
-72.556150 -7.422845 0.050707
-73.801586 -7.551001 0.047343
-74.931339 -7.662042 0.038518
-76.173655 -7.781756 0.034902
-77.302585 -7.888107 0.039710
-78.428072 -7.990365 0.040421
-79.662994 -8.101450 0.033295
-80.782625 -8.194964 0.029352
-82.011661 -8.292100 0.027902
-83.127315 -8.377050 0.030123
-84.241552 -8.460210 0.035403
-85.464408 -8.546635 0.038675
-86.573861 -8.620264 0.039484
-87.792830 -8.695666 0.039963
-88.901567 -8.760567 0.043831
-90.011984 -8.821766 0.049987
-91.235150 -8.884527 0.054708
-92.347610 -8.938560 0.058415
-93.571839 -8.993382 0.061266
-94.686105 -9.041212 0.060418
-95.803885 -9.085489 0.058616
-97.038003 -9.132522 0.058444
-98.165069 -9.173012 0.062837
-99.409592 -9.216996 0.070729
-100.546086 -9.256633 0.078966
-101.686933 -9.296600 0.086585
-102.948505 -9.340573 0.092890
-104.101350 -9.384736 0.097204
-105.373795 -9.436434 0.101578
-106.533645 -9.488430 0.104969
-107.696174 -9.543762 0.109535
-108.978273 -9.609137 0.116769
-110.145992 -9.673903 0.122371
-111.432778 -9.750550 0.127438
-112.604165 -9.826381 0.130682
-113.776921 -9.908043 0.134644
-115.068630 -10.003568 0.140442
-116.244676 -10.096113 0.147050
-117.541397 -10.205546 0.154290
-118.722799 -10.310642 0.161111
-119.906064 -10.418721 0.167177
-121.210424 -10.540792 0.171990
-122.398976 -10.652997 0.177124
-123.708463 -10.777724 0.182180
-124.902415 -10.895098 0.183446
-126.099049 -11.013617 0.185711
-127.417181 -11.143971 0.181878
-128.617702 -11.262690 0.174407
-129.941538 -11.391574 0.171397
-131.147747 -11.507473 0.170319
-132.355673 -11.627203 0.167418
-133.686722 -11.759227 0.161790
-134.898912 -11.879403 0.152441
-136.236309 -12.009598 0.144081
-137.454655 -12.129320 0.139172
-138.674593 -12.251671 0.135148
-140.018017 -12.387050 0.130838
-141.240192 -12.511140 0.125554
-142.461622 -12.633855 0.117623
-143.804501 -12.767867 0.107026
-145.024522 -12.889776 0.101459
-146.363956 -13.021477 0.098239
-147.580829 -13.141798 0.097143
-148.796935 -13.260944 0.103225
-150.133239 -13.389999 0.115271
-151.346631 -13.509458 0.123307
-152.680840 -13.640110 0.132346
-153.892939 -13.761026 0.137703
-155.104593 -13.880244 0.141740
-156.436689 -14.012452 0.146361
-157.647922 -14.132230 0.152534
-158.980017 -14.265522 0.158329
-160.190364 -14.387202 0.162411
-161.400846 -14.510045 0.165340
-162.732737 -14.646966 0.171891
-163.943317 -14.771122 0.179115
-165.275047 -14.908425 0.186145
-166.486159 -15.033843 0.193949
-167.697800 -15.160420 0.203995
-169.030437 -15.300578 0.213306
-170.242071 -15.428915 0.220170
-171.575172 -15.571201 0.227161
-172.787069 -15.701544 0.233201
-173.998780 -15.831735 0.238928
-175.332191 -15.974668 0.248329
-176.543015 -16.105009 0.256390
-177.873807 -16.247032 0.264890
-179.082869 -16.376256 0.275186
-180.291937 -16.504937 0.286428
-181.620292 -16.648215 0.298109
-182.824697 -16.779536 0.299501
-184.144708 -16.924443 0.298760
-185.342710 -17.055434 0.302250
-186.538787 -17.184676 0.310539
-187.851923 -17.327254 0.320281
-189.043108 -17.456343 0.329515
-190.350082 -17.597036 0.338128
-191.534179 -17.723494 0.344653
-192.714760 -17.847541 0.349714
-194.009142 -17.981114 0.358540
-195.181430 -18.099877 0.368483
-196.465983 -18.229086 0.380765
-197.628599 -18.344757 0.391837
-198.785773 -18.458989 0.400460
-200.052567 -18.582549 0.407851
-201.198998 -18.692737 0.414323
-202.452774 -18.811087 0.423079
-203.584678 -18.917533 0.427941
-204.706928 -19.022820 0.433757
-205.928443 -19.135350 0.440935
-207.025540 -19.235724 0.447246
-208.216150 -19.344572 0.455493
-209.283180 -19.444286 0.459776
-210.336165 -19.544344 0.463586
-211.480185 -19.654264 0.467912
-212.507151 -19.752673 0.473333
-213.623644 -19.860224 0.480147
-214.626716 -19.956903 0.486857
-215.618756 -20.052933 0.493514
-216.694357 -20.160351 0.500016
-217.656163 -20.259232 0.503866
-218.693125 -20.369018 0.504677
-219.615980 -20.467805 0.506957
-220.518050 -20.566871 0.511763
-221.486654 -20.675885 0.516955
-222.344226 -20.774801 0.520412
-223.263748 -20.883339 0.524949
-224.077584 -20.982828 0.530101
-224.872148 -21.082072 0.535970
-225.725984 -21.192520 0.540891
-226.483986 -21.291851 0.545571
-227.299443 -21.398714 0.552630
-228.023104 -21.492714 0.559028
-228.731896 -21.584480 0.563572
-229.501693 -21.684638 0.564955
-230.198285 -21.774512 0.566593
-230.960291 -21.872711 0.569861
-231.650414 -21.960690 0.574292
-232.337079 -22.046546 0.579164
-233.088684 -22.138939 0.584798
-233.768897 -22.223104 0.589358
-234.512917 -22.312755 0.593954
-235.186168 -22.393357 0.597354
-235.856490 -22.470919 0.601075
-236.590227 -22.552243 0.607640
-237.253857 -22.623873 0.613436
-237.980926 -22.700357 0.619276
-238.640179 -22.767670 0.622577
-239.301166 -22.834030 0.625154
-240.032574 -22.906076 0.629597
-240.701542 -22.969759 0.634233
-241.441301 -23.040483 0.638432
-242.115825 -23.102585 0.641481
-242.861104 -23.170017 0.643184
-243.542823 -23.229590 0.641647
-244.229991 -23.288684 0.641049
-244.992117 -23.351735 0.644018
-245.691154 -23.410090 0.649316
-246.466821 -23.475190 0.654947
-247.179191 -23.535583 0.660710
-247.896814 -23.595964 0.665153
-248.693087 -23.660964 0.671942
-249.425200 -23.719770 0.676392
-250.239826 -23.788741 0.683127
-250.988336 -23.854255 0.693000
-251.743481 -23.916823 0.701096
-252.581872 -23.982238 0.700078
-253.350535 -24.045870 0.690541
-254.206549 -24.113200 0.685990
-254.993963 -24.169898 0.689117
-255.789058 -24.223194 0.697470
-256.670739 -24.277588 0.707353
-257.475598 -24.325844 0.711806
-258.362464 -24.379060 0.716508
-259.168717 -24.425178 0.719207
-259.975701 -24.467617 0.720707
-260.865095 -24.511658 0.724730
-261.675270 -24.551103 0.733165
-262.567076 -24.593694 0.742665
-263.378423 -24.628748 0.747957
-264.191044 -24.659831 0.751097
-265.086817 -24.688788 0.755203
-265.903203 -24.714330 0.758754
-266.803209 -24.739163 0.761822
-267.622214 -24.763598 0.765946
-268.442913 -24.787172 0.770168
-269.348518 -24.812886 0.774258
-270.173128 -24.837176 0.779998
-271.080394 -24.864232 0.784705
-271.904066 -24.891644 0.786768
-272.727099 -24.920405 0.788854
-273.631751 -24.952001 0.792080
-274.452146 -24.982377 0.796379
-275.352319 -25.016403 0.801215
-276.167846 -25.048964 0.806940
-276.980172 -25.082564 0.813504
-277.867131 -25.122769 0.819637
-278.666050 -25.163439 0.823593
-279.534387 -25.212323 0.825653
-280.313892 -25.258692 0.827098
-281.081039 -25.306887 0.828613
-281.908903 -25.365332 0.829301
-282.645308 -25.422474 0.828155
-283.435580 -25.488097 0.828112
-284.134531 -25.546823 0.829942
-284.814372 -25.605818 0.832193
-285.540744 -25.673878 0.834136
-286.180477 -25.738034 0.835549
-286.865868 -25.810458 0.837128
-287.474753 -25.878497 0.841579
-288.071891 -25.951375 0.847854
-288.713084 -26.039944 0.854675
-289.281642 -26.129684 0.859654
-289.888915 -26.235110 0.864494
-290.426162 -26.339972 0.869817
-290.948574 -26.456017 0.875195
-291.507319 -26.597466 0.881486
-291.999854 -26.737020 0.887971
-292.475870 -26.887378 0.898301
-292.980666 -27.067331 0.913033
-293.422495 -27.246302 0.924936
-293.891296 -27.457122 0.936739
-294.302973 -27.664299 0.944944
-294.700678 -27.884393 0.953119
-295.120871 -28.141078 0.963383
-295.487881 -28.389751 0.972085
-295.838012 -28.651888 0.981230
-296.202235 -28.958999 0.989345
-296.512847 -29.252901 1.001208
-296.835572 -29.589006 1.012956
-297.108186 -29.906463 1.022426
-297.357002 -30.234177 1.029981
-297.599128 -30.606268 1.036819
-297.788925 -30.954323 1.045918
-297.955445 -31.306867 1.052729
-298.113586 -31.697685 1.055474
-298.235183 -32.056094 1.058297
-298.340964 -32.455573 1.064996
-298.414169 -32.821801 1.072231
-298.464996 -33.196287 1.077766
-298.496158 -33.619088 1.084583
-298.497807 -34.014295 1.090379
-298.475340 -34.417756 1.094429
-298.419779 -34.869474 1.098618
-298.338514 -35.287504 1.101274
-298.216328 -35.753326 1.102582
-298.072927 -36.180764 1.100336
-297.897887 -36.608920 1.095573
-297.665418 -37.079786 1.086502
-297.419688 -37.508261 1.073724
-297.106748 -37.977959 1.057356
-296.785598 -38.404091 1.042140
-296.426797 -38.828463 1.030969
-295.994835 -39.294843 1.019481
-295.568143 -39.717497 1.009077
-295.057240 -40.175614 0.994655
-294.551095 -40.579003 0.978013
-293.952115 -41.007882 0.953197
-293.368967 -41.382955 0.929799
-292.750331 -41.746263 0.902817
-292.030602 -42.128764 0.877731
-291.338585 -42.458655 0.863929
-290.541397 -42.794651 0.851893
-289.782572 -43.079563 0.840764
-288.913249 -43.371555 0.831836
-288.089126 -43.610370 0.827294
-287.235190 -43.819770 0.821297
-286.262140 -44.021182 0.815945
-285.349700 -44.173561 0.811109
-284.314947 -44.301931 0.796460
-283.347756 -44.389507 0.783624
-282.353652 -44.446153 0.778747
-281.233642 -44.473797 0.774241
-280.191318 -44.467497 0.770328
-279.019920 -44.425453 0.764367
-277.932805 -44.356609 0.762714
-276.716659 -44.248538 0.758335
-275.594683 -44.123647 0.754012
-274.461128 -43.972052 0.748744
-273.199549 -43.780553 0.745649
-272.036453 -43.587885 0.746425
-270.739807 -43.362878 0.747336
-269.543090 -43.157568 0.744420
-268.207578 -42.925913 0.739785
-266.977422 -42.712429 0.737511
-265.734011 -42.500619 0.736550
-264.351865 -42.271242 0.734244
-263.086168 -42.066287 0.735365
-261.691548 -41.842406 0.740704
-260.421836 -41.646465 0.744198
-259.149589 -41.457439 0.746097
-257.745712 -41.256561 0.744873
-256.464862 -41.078731 0.744888
-255.052282 -40.890518 0.744671
-253.764415 -40.726437 0.747485
-252.473200 -40.569732 0.749574
-251.048478 -40.405360 0.743200
-249.750622 -40.262300 0.734958
-248.320371 -40.109930 0.727683
-247.018302 -39.973543 0.720952
-245.713646 -39.839782 0.714465
-244.270779 -39.696186 0.713758
-242.955612 -39.568676 0.712916
-241.503428 -39.432223 0.703481
-240.180556 -39.306583 0.696421
-238.853015 -39.183735 0.689766
-237.391739 -39.048131 0.684328
-236.058923 -38.923008 0.677527
-234.723890 -38.796013 0.673159
-233.250762 -38.654087 0.670139
-231.909795 -38.523550 0.659134
-230.431526 -38.374810 0.650262
-229.085177 -38.238143 0.642758
-227.735861 -38.100336 0.637039
-226.247119 -37.949302 0.630066
-224.891312 -37.812195 0.623485
-223.530692 -37.675444 0.622214
-222.031387 -37.524195 0.620268
-220.664114 -37.384625 0.617120
-219.568816 -37.271947 0.614388
-217.784675 -37.088987 0.607760
-216.409081 -36.947700 0.598667
-214.890403 -36.791952 0.590502
-213.506757 -36.649530 0.585438
-212.123149 -36.502266 0.571599
-210.597764 -36.339936 0.555370
-209.207085 -36.191679 0.544392
-207.672863 -36.028501 0.534341
-206.275910 -35.880816 0.520754
-204.874366 -35.731583 0.510088
-203.329580 -35.567361 0.503592
-201.923945 -35.417997 0.492201
-200.517848 -35.271375 0.484113
-198.970869 -35.109952 0.474557
-197.564526 -34.962566 0.469063
-196.018404 -34.800229 0.463305
-194.614864 -34.653429 0.452881
-193.212785 -34.508325 0.441313
-191.672183 -34.349936 0.431961
-190.274757 -34.207800 0.421398
-188.878702 -34.068836 0.412270
-187.345514 -33.918233 0.405526
-185.954001 -33.783863 0.402035
-184.426838 -33.634988 0.395015
-183.040067 -33.500899 0.390707
-181.656103 -33.368786 0.385681
-180.137180 -33.225078 0.378347
-178.760348 -33.096251 0.367865
-177.386816 -32.970028 0.359062
-175.880518 -32.834504 0.352039
-174.518336 -32.715650 0.346050
-173.030300 -32.589360 0.335494
-171.688031 -32.478057 0.328092
-170.358773 -32.370892 0.322605
-168.914526 -32.256913 0.314892
-167.619707 -32.158236 0.308037
-166.343983 -32.063812 0.299045
-164.961348 -31.964056 0.289583
-163.725365 -31.875939 0.284130
-162.390892 -31.783468 0.275604
-161.202211 -31.701289 0.266380
-160.034904 -31.619916 0.259627
-158.778476 -31.533958 0.256501
-157.660248 -31.456898 0.253385
-156.567341 -31.381038 0.250758
-155.392973 -31.299059 0.247994
-154.351121 -31.226491 0.246326
-153.234232 -31.147478 0.239807
-152.244806 -31.078593 0.233491
-151.280352 -31.011226 0.228731
-150.246932 -30.937437 0.224796
-149.333879 -30.871519 0.222308
-148.444178 -30.807310 0.220368
-147.492201 -30.737665 0.215317
-146.646087 -30.676120 0.209676
-145.733497 -30.608203 0.203944
-144.917812 -30.546504 0.197066
-144.115794 -30.487401 0.188944
-143.250371 -30.422661 0.180869
-142.480290 -30.361708 0.177049
-141.651444 -30.297663 0.173772
-140.911910 -30.242598 0.168074
-140.183008 -30.187564 0.164062
-139.389853 -30.124971 0.163050
-138.676083 -30.069328 0.163287
-137.900633 -30.009954 0.162663
-137.206066 -29.957536 0.159664
-136.519222 -29.906860 0.156277
-135.768997 -29.852656 0.154752
-135.090262 -29.803408 0.156063
-134.347369 -29.748353 0.156957
-133.673881 -29.696783 0.153286
-133.003283 -29.644214 0.150584
-132.268209 -29.588890 0.152477
-131.601957 -29.542341 0.154291
-130.875273 -29.487072 0.155947
-130.218947 -29.433745 0.158363
-129.561663 -29.383820 0.155310
-128.831320 -29.334799 0.146650
-128.160108 -29.283372 0.146527
-127.411838 -29.224179 0.153683
-126.720720 -29.171069 0.160098
-126.020434 -29.118194 0.165178
-125.238720 -29.058186 0.170031
-124.517082 -29.002187 0.170968
-123.708738 -28.935779 0.164431
-122.959153 -28.870448 0.161386
-122.193902 -28.802413 0.163316
-121.333951 -28.724166 0.166453
-120.536069 -28.649919 0.165118
-119.641274 -28.564284 0.160146
-118.811568 -28.483019 0.151312
-117.966013 -28.397041 0.141669
-117.017747 -28.296752 0.135095
-116.137972 -28.198534 0.128970
-115.153024 -28.085731 0.126997
-114.240188 -27.977604 0.123641
-113.313034 -27.864723 0.118028
-112.275639 -27.733391 0.109014
-111.316878 -27.606109 0.098495
-110.242993 -27.459145 0.090198
-109.250633 -27.318361 0.086554
-108.242812 -27.171029 0.083756
-107.116500 -27.004663 0.078100
-106.076738 -26.850629 0.074654
-104.913505 -26.679797 0.070882
-103.836443 -26.521975 0.073609
-102.741413 -26.361818 0.080654
-101.521830 -26.183354 0.077637
-100.398707 -26.018232 0.068920
-99.146090 -25.834098 0.061174
-97.991032 -25.664506 0.058087
-96.821729 -25.494815 0.055534
-95.518326 -25.306953 0.050191
-94.318215 -25.136288 0.049935
-92.981237 -24.945930 0.047804
-91.751704 -24.773192 0.038988
-90.506712 -24.601035 0.032597
-89.121781 -24.411310 0.028978
-87.849703 -24.240712 0.016950
-86.432011 -24.055957 0.018396
-85.124815 -23.889649 0.035764
-83.802456 -23.724871 0.044846
-82.333954 -23.544741 0.039449
-80.984108 -23.381897 0.030662
-79.482140 -23.206439 0.024990
-78.099896 -23.048191 0.023322
-76.703713 -22.891830 0.021355
-75.155024 -22.720796 0.019772
-73.742366 -22.566280 0.019072
-72.186595 -22.398856 0.017885
-70.772192 -22.249312 0.017894
-69.359794 -22.104016 0.013569
-67.807537 -21.946632 0.004843
-66.397070 -21.806364 -0.001238
-64.986322 -21.667015 -0.006121
-63.434751 -21.514995 -0.011034
-62.025266 -21.377730 -0.016986
-60.475783 -21.227875 -0.025988
-59.065569 -21.092809 -0.029217
-57.654971 -20.957815 -0.030417
-56.105459 -20.808757 -0.038848
-54.699690 -20.673542 -0.051874
-53.297450 -20.536284 -0.067151
-51.757274 -20.384060 -0.077476
-50.358855 -20.243805 -0.081180
-48.822777 -20.089727 -0.082106
-47.427693 -19.948981 -0.083140
-46.035596 -19.807277 -0.087425
-44.508103 -19.649872 -0.097858
-43.123161 -19.506706 -0.110231
-41.601618 -19.349138 -0.118521
-40.219437 -19.207845 -0.118969
-38.838644 -19.068142 -0.118114
-37.324236 -18.914627 -0.120462
-35.950182 -18.774522 -0.128098
-34.578828 -18.634504 -0.133499
-33.072210 -18.482180 -0.138801
-31.706154 -18.345083 -0.143417
-30.205053 -18.196806 -0.145767
-28.842202 -18.063492 -0.146828
-27.481282 -17.930830 -0.148561
-25.988376 -17.784842 -0.154750
-24.635323 -17.651225 -0.159848
-23.286389 -17.516967 -0.163909
-21.808682 -17.370991 -0.169435
-20.471167 -17.239925 -0.171078
-19.006482 -17.097868 -0.174888
-17.677318 -16.970429 -0.179599
-16.350657 -16.843978 -0.183921
-14.894811 -16.703893 -0.192904
-13.574643 -16.576342 -0.202201
-12.256556 -16.446571 -0.204647
-10.808449 -16.305023 -0.201524
-9.494338 -16.176734 -0.199690
-8.051295 -16.038024 -0.201534
-6.740949 -15.914614 -0.202738
-5.431666 -15.792728 -0.205956
-3.992058 -15.657349 -0.216338
-2.682261 -15.533095 -0.227239
-1.239108 -15.392888 -0.238660
0.075424 -15.263510 -0.246007
1.393562 -15.134614 -0.250363
2.846156 -14.993140 -0.255398
4.169310 -14.865354 -0.259389
5.496294 -14.737939 -0.262190
6.960292 -14.597570 -0.263640
8.293984 -14.468515 -0.267250
9.764506 -14.326008 -0.271692
11.105291 -14.196082 -0.273960
12.448301 -14.066003 -0.278014
13.928077 -13.923006 -0.287439
15.276541 -13.793268 -0.292362
16.628243 -13.664410 -0.291412
18.116834 -13.522003 -0.293254
19.471448 -13.392288 -0.292197
20.965800 -13.248692 -0.288257
22.327746 -13.119052 -0.279259
23.691565 -12.989710 -0.273839
25.194288 -12.848283 -0.270457
26.562142 -12.717207 -0.264855
27.930633 -12.584434 -0.261183
29.437398 -12.436405 -0.254728
30.809365 -12.303705 -0.246715
32.316321 -12.158119 -0.246249
33.685544 -12.027391 -0.245272
35.054213 -11.896263 -0.240930
36.557870 -11.749871 -0.235789
37.923230 -11.617208 -0.232462
39.422325 -11.470385 -0.229755
40.782848 -11.336959 -0.228863
42.140963 -11.203442 -0.229017
43.630952 -11.057089 -0.233032
44.982714 -10.923940 -0.235772
46.334236 -10.790859 -0.231265
47.820329 -10.643715 -0.222777
49.169496 -10.509071 -0.220254
50.652264 -10.361705 -0.220502
51.999911 -10.227411 -0.221290
53.347481 -10.093620 -0.219913
54.827715 -9.945889 -0.222786
56.172852 -9.812085 -0.224896
57.518787 -9.678643 -0.221833
58.998809 -9.534698 -0.218886
60.343538 -9.404845 -0.217037
61.823540 -9.264035 -0.213160
63.169342 -9.134565 -0.207466
64.514555 -9.005647 -0.202444
65.993396 -8.864001 -0.197225
67.336427 -8.737007 -0.193287
68.677581 -8.612792 -0.189021
70.150079 -8.477535 -0.182483
71.485464 -8.355400 -0.176699
72.951429 -8.219673 -0.166942
74.281465 -8.095859 -0.154613
75.608869 -7.971851 -0.141033
77.065184 -7.834985 -0.128164
78.383957 -7.709700 -0.120863
79.829061 -7.567666 -0.116525
81.138865 -7.438866 -0.107714
82.446333 -7.308937 -0.092517
83.881336 -7.166856 -0.075339
85.182429 -7.039510 -0.066186
86.478841 -6.912434 -0.060458
87.900956 -6.773220 -0.055533
89.190121 -6.645314 -0.047868
90.604630 -6.505697 -0.039481
91.887704 -6.378945 -0.029542
93.167310 -6.254732 -0.019681
94.570552 -6.119615 -0.011362
95.842521 -5.998060 -0.005392
97.112097 -5.878168 0.003447
98.504591 -5.747132 0.013603
99.767041 -5.629678 0.018794
101.151616 -5.501378 0.024487
102.406996 -5.386784 0.030174
103.659261 -5.271945 0.035235
105.032946 -5.148836 0.041767
106.278032 -5.037203 0.046446
107.519917 -4.926848 0.051865
108.881910 -4.807287 0.058601
110.117302 -4.700118 0.066362
111.472759 -4.582805 0.077547
112.699963 -4.476945 0.081241
113.923809 -4.370115 0.084584
115.265908 -4.253017 0.092494
116.481328 -4.147290 0.099346
117.813082 -4.031708 0.107409
119.018308 -3.926439 0.114253
120.217916 -3.821164 0.118580
121.529913 -3.705266 0.123209
122.714145 -3.601278 0.129381
123.889863 -3.498364 0.134829
125.174359 -3.386081 0.142204
126.333408 -3.286035 0.148774
127.599350 -3.177853 0.154661
128.741004 -3.081948 0.158590
129.872925 -2.988661 0.162169
131.105323 -2.889025 0.168354
132.212667 -2.800272 0.176647
133.413112 -2.704007 0.185938
134.487769 -2.619036 0.191973
135.544042 -2.537239 0.197215
136.685787 -2.444199 0.200281
137.702227 -2.363349 0.207736
138.697013 -2.282968 0.209187
139.764197 -2.197303 0.207729
140.708158 -2.124149 0.211393
141.718120 -2.047935 0.217085
142.607819 -1.982587 0.221910
143.471526 -1.919407 0.225904
144.388053 -1.852234 0.229446
145.191805 -1.792909 0.232976
146.042230 -1.725803 0.237435
146.787720 -1.658708 0.241797
147.505193 -1.580482 0.248418
148.263903 -1.476777 0.255443
148.923588 -1.367872 0.260737
149.553241 -1.246324 0.266239
150.213736 -1.097844 0.270946
150.784733 -0.948356 0.270559
151.329061 -0.782266 0.268608
151.895272 -0.579059 0.271990
152.382694 -0.379538 0.281576
152.889821 -0.141974 0.295068
153.329716 0.097169 0.303701
153.748776 0.358445 0.311916
154.185538 0.669435 0.321594
154.557668 0.971343 0.335524
154.903466 1.293300 0.349089
155.254582 1.665890 0.360944
155.544109 2.022743 0.369008
155.827326 2.432344 0.381376
156.052554 2.819209 0.393959
156.251813 3.215489 0.404773
156.439046 3.661546 0.416090
156.582104 4.075232 0.425974
156.693405 4.493986 0.436041
156.781423 4.962232 0.446461
156.830897 5.391961 0.457918
156.853885 5.873381 0.471826
156.844096 6.315164 0.482537
156.801623 6.759565 0.495744
156.715509 7.248344 0.509891
156.603879 7.691445 0.518743
156.446536 8.175992 0.516114
156.268410 8.614612 0.505384
156.054933 9.049011 0.493494
155.776562 9.519757 0.479386
155.488856 9.940033 0.467833
155.127614 10.385881 0.455902
154.763478 10.776921 0.440910
154.362894 11.150470 0.419885
153.885500 11.544563 0.395512
153.414333 11.880533 0.378075
152.860947 12.226230 0.365789
152.324993 12.509492 0.354433
151.761781 12.767098 0.343032
151.108574 13.016019 0.333396
150.482086 13.207463 0.323767
149.759085 13.380023 0.307846
149.070650 13.502156 0.292061
148.281819 13.605447 0.277774
147.537576 13.677368 0.269224
146.770895 13.728518 0.263412
145.901840 13.753174 0.257100
145.091144 13.750839 0.250839
144.175234 13.721943 0.244077
143.322182 13.676138 0.236856
142.360277 13.608463 0.230073
141.465791 13.541262 0.226568
140.458821 13.466369 0.225240
139.524428 13.395864 0.223277
138.571523 13.325277 0.219376
137.504476 13.240704 0.213174
136.516247 13.159740 0.207260
135.410215 13.066483 0.203308
134.386961 12.980168 0.202033
133.241133 12.881648 0.197579
132.182276 12.789864 0.192451
131.106574 12.692220 0.185660
129.906193 12.581258 0.180978
128.799104 12.476375 0.176942
127.564520 12.359688 0.172900
126.425492 12.252166 0.169444
125.272323 12.143002 0.168506
123.986703 12.021565 0.167890
122.803843 11.911435 0.166250
121.486639 11.792134 0.164795
120.273790 11.683931 0.166497
119.045432 11.574411 0.172143
117.677585 11.455777 0.180378
116.420908 11.346597 0.189335
115.023888 11.223005 0.194144
113.739645 11.105220 0.199996
112.441080 10.984008 0.209014
110.997997 10.845044 0.220514
109.672876 10.714343 0.228777
108.335931 10.580456 0.234263
106.848258 10.429982 0.241849
105.481610 10.290706 0.248815
103.963205 10.133270 0.259551
102.569422 9.987891 0.270454
101.160760 9.838224 0.281112
99.596092 9.675216 0.290269
98.159560 9.526411 0.293519
96.568364 9.363171 0.299158
95.118935 9.214320 0.298684
93.670860 9.065785 0.291382
92.076714 8.901843 0.278954
90.630218 8.754321 0.266646
89.185164 8.608513 0.253483
87.595486 8.448551 0.240108
86.150357 8.303545 0.231781
84.557830 8.145900 0.222662
83.112208 8.004882 0.211039
81.666477 7.865629 0.197844
80.077381 7.712077 0.187946
78.631561 7.574244 0.179007
77.043228 7.423657 0.165469
75.600101 7.288078 0.149618
74.160996 7.152414 0.132186
72.581857 7.001672 0.111399
71.148358 6.861784 0.097576
69.715871 6.722542 0.089276
68.142494 6.568642 0.079290
66.716216 6.431287 0.067198
65.148407 6.280375 0.056762
63.725526 6.142708 0.049940
62.306369 6.003675 0.035649
60.749693 5.848687 0.022183
59.335529 5.706224 0.015529
57.923314 5.560442 0.011216
56.373523 5.398774 -0.005715
54.968659 5.249208 -0.022426
53.425027 5.081197 -0.037962
52.024702 4.929122 -0.049608
50.627206 4.778454 -0.060232
49.092482 4.614460 -0.070557
47.699675 4.464882 -0.079275
46.309153 4.317220 -0.088031
44.781965 4.156694 -0.097755
43.395347 4.011487 -0.105222
41.873198 3.852715 -0.115359
40.492093 3.708998 -0.126306
39.113670 3.566393 -0.135651
37.599219 3.410279 -0.143576
36.224479 3.270250 -0.146948
34.714903 3.118613 -0.153043
33.345409 2.982064 -0.162580
31.978618 2.848738 -0.172773
30.477380 2.704532 -0.182997
29.113541 2.574699 -0.188568
27.616380 2.433667 -0.193108
26.260137 2.308399 -0.203822
24.907238 2.184553 -0.210728
23.421569 2.050606 -0.208228
22.073742 1.930358 -0.198770
20.728889 1.812079 -0.188855
19.252541 1.683280 -0.176971
17.914105 1.567186 -0.167988
16.446398 1.440299 -0.161178
15.116857 1.326592 -0.156475
13.790596 1.212234 -0.151094
12.335085 1.084136 -0.142332
11.015026 0.967284 -0.133937
9.697866 0.848202 -0.129068
8.250145 0.716483 -0.121978
6.936122 0.595213 -0.118192
5.491423 0.460666 -0.114788
4.179622 0.337088 -0.106791
2.868449 0.213572 -0.097818
1.427735 0.076296 -0.085619
0.119558 -0.049293 -0.079423
-1.318560 -0.186058 -0.069444
-2.625254 -0.310500 -0.061853
-3.931068 -0.434798 -0.053645
-5.366520 -0.571531 -0.043316
-6.670304 -0.695741 -0.034764
-7.973531 -0.820716 -0.025702
-9.406099 -0.959637 -0.016221
-10.707371 -1.085255 -0.007525
-12.137594 -1.222588 0.000399
-13.436996 -1.345172 0.011268
-14.735895 -1.467430 0.020939
-16.164263 -1.600692 0.032716
-17.463085 -1.722868 0.043714
-18.760313 -1.844809 0.053209
-20.185723 -1.978498 0.062711
-21.480296 -2.101146 0.071984
-22.901149 -2.236098 0.083362
-24.190603 -2.359011 0.092116
-25.477916 -2.482633 0.103257
-26.891178 -2.617981 0.113139
-28.172708 -2.742618 0.118489
-29.450964 -2.865723 0.124839
-30.854915 -3.002034 0.132240
-32.127559 -3.123563 0.141420
-33.524161 -3.256748 0.151117
-34.790137 -3.376170 0.158808
-36.053017 -3.494264 0.166423
-37.438858 -3.623720 0.175097
-38.695797 -3.742058 0.181765
-40.073980 -3.872424 0.187631
-41.323016 -3.991545 0.191819
-42.569720 -4.115752 0.195977
-43.937938 -4.252735 0.200217
-45.179434 -4.379224 0.200391
-46.418105 -4.504683 0.196537
-47.776402 -4.643643 0.187646
-49.008149 -4.771122 0.172790
-50.359805 -4.914573 0.158383
-51.586250 -5.044816 0.148730
-52.809946 -5.175462 0.141494
-54.153121 -5.322101 0.131870
-55.371929 -5.455423 0.125252
-56.588208 -5.589574 0.119451
-57.922069 -5.737300 0.111451
-59.132074 -5.873736 0.103330
-60.459661 -6.022350 0.096054
-61.663895 -6.158070 0.088802
-62.865632 -6.293113 0.082877
-64.184402 -6.442539 0.079286
-65.378969 -6.579103 0.074101
-66.570648 -6.716762 0.066947
-67.878371 -6.869689 0.063508
-69.064393 -7.007928 0.059856
-70.364772 -7.159756 0.055050
-71.541350 -7.295152 0.052527
-72.707941 -7.427031 0.048836
-73.976965 -7.564853 0.044846
-75.113105 -7.684103 0.038058
-76.232909 -7.802706 0.035367
-77.444857 -7.928850 0.040357
-78.525642 -8.037687 0.037200
-79.698524 -8.153193 0.028526
-80.758731 -8.251672 0.022875
-81.817033 -8.345722 0.019703
-82.979571 -8.444644 0.021557
-84.034819 -8.531936 0.027936
-85.191402 -8.628055 0.031385
-86.237723 -8.715410 0.031065
-87.279846 -8.799530 0.029998
-88.422157 -8.891504 0.033789
-89.457384 -8.972548 0.042015
-90.488523 -9.052610 0.048302
-91.618693 -9.140898 0.050567
-92.642425 -9.220612 0.053741
-93.764233 -9.308069 0.056059
-94.778978 -9.390169 0.056303
-95.792309 -9.477301 0.054793
-96.910157 -9.579797 0.053547
-97.929698 -9.677167 0.059399
-99.056002 -9.790122 0.068025
-100.083109 -9.897989 0.076058
-101.112730 -10.012672 0.084426
-102.250707 -10.147498 0.091740
-103.290468 -10.279548 0.097827
-104.335445 -10.419624 0.102959
-105.490017 -10.580317 0.107075
-106.546232 -10.729085 0.108827
-107.715353 -10.891119 0.111470
-108.786355 -11.034486 0.114938
-109.864825 -11.172559 0.117994
-111.060092 -11.315959 0.120857
-112.153172 -11.438979 0.120762
-113.364696 -11.563355 0.120298
-114.473869 -11.666043 0.121277
-115.590952 -11.757192 0.123920
-116.827852 -11.846518 0.126766
-117.960971 -11.917140 0.130025
-119.215909 -11.986457 0.133328
-120.365423 -12.040665 0.136282
-121.523196 -12.089870 0.136748
-122.805943 -12.139769 0.136800
-123.981088 -12.180643 0.134633
-125.284516 -12.217879 0.132067
-126.478829 -12.248755 0.130342
-127.680665 -12.276403 0.124352
-129.015864 -12.304988 0.122120
-130.240153 -12.332448 0.126605
-131.598794 -12.365459 0.124799
-132.844043 -12.399994 0.121653
-134.098606 -12.439942 0.119345
-135.488707 -12.493808 0.111808
-136.763646 -12.552444 0.106265
-138.048582 -12.620596 0.101721
-139.472511 -12.705969 0.097356
-140.777694 -12.794574 0.091743
-142.222613 -12.901890 0.082258
-143.545260 -13.006712 0.070585
-144.876673 -13.118210 0.064360
-146.350695 -13.247195 0.062335
-147.699240 -13.370875 0.063494
-149.056938 -13.498531 0.071877
-150.559168 -13.641700 0.085224
-151.931990 -13.773546 0.098405
-153.448699 -13.922315 0.111903
-154.831151 -14.059136 0.123046
-156.214924 -14.198571 0.133022
-157.737987 -14.353498 0.145237
-159.121336 -14.498052 0.152527
-160.640891 -14.658850 0.159302
-162.020781 -14.808745 0.164950
-163.400396 -14.960183 0.173597
-164.918353 -15.128735 0.181874
-166.297426 -15.281834 0.191672
-167.675510 -15.434118 0.203835
-169.188665 -15.602009 0.215498
-170.561543 -15.752977 0.224571
-172.069171 -15.918772 0.233914
-173.437433 -16.067559 0.242307
-174.803721 -16.215213 0.251257
-176.303812 -16.375066 0.262072
-177.663674 -16.517930 0.270495
-179.020727 -16.658396 0.282290
-180.511983 -16.810596 0.297453
-181.865173 -16.947360 0.309949
-183.347601 -17.096699 0.311188
-184.691120 -17.230747 0.310516
-186.032336 -17.362213 0.317412
-187.504777 -17.503752 0.328500
-188.840446 -17.630637 0.339591
-190.173112 -17.755043 0.348852
-191.634600 -17.891219 0.355247
-192.959407 -18.014320 0.359304
-194.412625 -18.149743 0.366141
-195.730460 -18.273043 0.374928
-197.045113 -18.395815 0.386545
-198.487113 -18.530881 0.397669
-199.794133 -18.653574 0.405074
-201.097903 -18.774578 0.412433
-202.527731 -18.907538 0.421131
-203.823530 -19.027045 0.427582
-205.244902 -19.158432 0.436203
-206.533873 -19.276294 0.444699
-207.819949 -19.395643 0.452988
-209.230124 -19.526488 0.462745
-210.505691 -19.645925 0.469867
-211.898533 -19.776764 0.477366
-213.147755 -19.892347 0.486647
-214.378358 -20.006827 0.496646
-215.707670 -20.130991 0.506954
-216.893147 -20.244753 0.515565
-218.053761 -20.357506 0.521576
-219.301833 -20.481022 0.525088
-220.409964 -20.589359 0.533465
-221.597521 -20.709543 0.542510
-222.647930 -20.818676 0.549454
-223.669457 -20.929994 0.556589
-224.760415 -21.053133 0.566232
-225.719632 -21.164750 0.575132
-226.650063 -21.274538 0.584208
-227.637254 -21.390644 0.595228
-228.503797 -21.495095 0.602879
-229.420925 -21.607195 0.609095
-230.224546 -21.706207 0.613590
-230.999185 -21.803693 0.617811
-231.827800 -21.910615 0.623335
-232.572157 -22.007855 0.626458
-233.388242 -22.113935 0.630899
-234.128285 -22.206945 0.637044
-234.866860 -22.293380 0.644043
-235.676835 -22.384393 0.651467
-236.410129 -22.466953 0.657444
-237.213231 -22.557909 0.662914
-237.940317 -22.635419 0.667503
-238.664912 -22.709566 0.670543
-239.458334 -22.789303 0.673786
-240.176786 -22.860456 0.676497
-240.963784 -22.938023 0.677314
-241.675880 -23.004365 0.678195
-242.384786 -23.070909 0.677024
-243.165153 -23.140060 0.675186
-243.878320 -23.206574 0.670306
-244.668586 -23.275946 0.669711
-245.391760 -23.339876 0.672979
-246.118508 -23.402562 0.677696
-246.922318 -23.473984 0.680595
-247.656801 -23.538741 0.683480
-248.469168 -23.611435 0.686920
-249.212805 -23.674484 0.690316
-249.962417 -23.738037 0.694689
-250.793824 -23.811759 0.702247
-251.554303 -23.876169 0.711701
-252.395436 -23.942926 0.711392
-253.163111 -24.004928 0.704396
-253.936376 -24.067123 0.698147
-254.793115 -24.130872 0.700776
-255.578042 -24.186326 0.709114
-256.447450 -24.243308 0.718730
-257.243026 -24.292844 0.723275
-258.043918 -24.343564 0.725661
-258.931915 -24.399792 0.726998
-259.746950 -24.448211 0.726751
-260.653402 -24.499734 0.728439
-261.487209 -24.546415 0.735309
-262.329145 -24.593476 0.744308
-263.265180 -24.642779 0.751730
-264.124445 -24.685533 0.756517
-265.079751 -24.730018 0.763778
-265.956288 -24.770102 0.771897
-266.839612 -24.809800 0.780436
-267.819185 -24.857269 0.789245
-268.715326 -24.901397 0.796516
-269.705424 -24.950824 0.804767
-270.607320 -24.996573 0.813571
-271.508607 -25.043322 0.820605
-272.498560 -25.098050 0.825705
-273.397768 -25.150707 0.831091
-274.386086 -25.212004 0.838968
-275.283435 -25.270346 0.846520
-276.179376 -25.331265 0.855064
-277.162402 -25.400890 0.865245
-278.053044 -25.465057 0.872935
-279.029023 -25.538530 0.878988
-279.913361 -25.606112 0.883076
-280.796390 -25.674944 0.886875
-281.763675 -25.751312 0.891272
-282.637811 -25.822703 0.895071
-283.501598 -25.894623 0.899862
-284.433719 -25.973513 0.906908
-285.261220 -26.044910 0.912867
-286.151222 -26.124533 0.917466
-286.950293 -26.194816 0.920695
-287.825622 -26.270596 0.926622
-288.618174 -26.339730 0.934917
-289.409187 -26.408040 0.941938
-290.275718 -26.481792 0.949810
-291.059310 -26.547551 0.959448
-291.917751 -26.617694 0.972646
-292.694620 -26.680029 0.984832
-293.468945 -26.740610 0.998415
-294.316457 -26.806482 1.012811
-295.083643 -26.865119 1.024013
-295.848037 -26.925573 1.032950
-296.689332 -26.992851 1.039937
-297.454641 -27.054564 1.044837
-298.299394 -27.123393 1.047926