-0.000000 0.000104 0.000060
0.271050 -0.148010 0.017989
0.520055 -0.286313 0.031508
0.772478 -0.429318 0.041930
1.056431 -0.590880 0.052107
1.320873 -0.740125 0.061934
1.590687 -0.892713 0.072004
1.902243 -1.062740 0.088759
2.199650 -1.219901 0.105299
2.506461 -1.372542 0.119276
2.857313 -1.542050 0.135526
3.188675 -1.695764 0.151441
3.532111 -1.843293 0.169263
3.926129 -1.990675 0.190366
4.299154 -2.121394 0.210538
4.725640 -2.263009 0.231686
5.126808 -2.393992 0.251354
5.541501 -2.525942 0.269695
6.014927 -2.670469 0.288920
6.459240 -2.798390 0.308512
6.963020 -2.944372 0.330972
7.434251 -3.079293 0.355813
7.918919 -3.216766 0.383141
8.465585 -3.363238 0.412880
8.978234 -3.492901 0.437583
9.552535 -3.636113 0.474127
10.080983 -3.769665 0.517232
10.621216 -3.903155 0.558094
11.228188 -4.043764 0.600024
11.797358 -4.167155 0.639970
12.436493 -4.302348 0.683701
13.032512 -4.420618 0.720626
13.642901 -4.537959 0.754911
14.331870 -4.665280 0.802852
14.968335 -4.780636 0.850092
15.683661 -4.905827 0.916680
16.343834 -5.011332 0.985281
17.016565 -5.112239 1.063145
17.768990 -5.219431 1.154925
18.466623 -5.316455 1.243637
19.245062 -5.421338 1.348997
19.963162 -5.519078 1.452052
20.690700 -5.613709 1.556374
21.501918 -5.713056 1.671392
22.482223 -5.823254 1.814272
23.095304 -5.879201 1.908661
23.868219 -5.946723 2.021542
24.651041 -6.004521 2.133737
25.520524 -6.066624 2.247702
26.322090 -6.115757 2.349459
27.213952 -6.164106 2.459258
28.035969 -6.198872 2.561747
28.867637 -6.230327 2.664039
29.795160 -6.257117 2.776781
30.649963 -6.273886 2.877257
31.602031 -6.285432 2.986841
32.479408 -6.290217 3.081364
33.368134 -6.287642 3.170715
34.359990 -6.276305 3.269648
35.274063 -6.261708 3.360814
36.200336 -6.241248 3.451797
37.231446 -6.212827 3.550104
38.192208 -6.188762 3.643192
39.266967 -6.162183 3.750409
40.260667 -6.139385 3.851492
41.262038 -6.113320 3.950546
42.375465 -6.075172 4.057442
43.394488 -6.036828 4.155396
44.520420 -5.992221 4.266076
45.543999 -5.948136 4.368959
46.566597 -5.901647 4.470606
47.690298 -5.843905 4.578446
48.709909 -5.784122 4.670388
49.838281 -5.702998 4.770630
50.871241 -5.607265 4.861641
51.896143 -5.494421 4.953002
53.020369 -5.365936 5.054235
54.031665 -5.227841 5.136838
55.044342 -5.090804 5.220997
56.156772 -4.930993 5.313761
57.170188 -4.786401 5.407151
58.285442 -4.618497 5.517294
59.301134 -4.461959 5.617199
60.318628 -4.301001 5.706866
61.439943 -4.118050 5.793067
62.460218 -3.948570 5.874478
63.477214 -3.767194 5.953021
64.596731 -3.559997 6.045386
65.612998 -3.358639 6.135784
66.733715 -3.133503 6.240616
67.751907 -2.917784 6.333852
68.773101 -2.696778 6.426538
69.897688 -2.441995 6.529859
70.922529 -2.202244 6.625551
72.051366 -1.927567 6.730931
73.079939 -1.668690 6.828713
74.109867 -1.400190 6.929073
75.238370 -1.079219 7.044187
76.266096 -0.778045 7.147111
77.297260 -0.459502 7.255665
78.436259 -0.102719 7.372427
79.472971 0.236756 7.483757
80.615888 0.607939 7.606393
81.655511 0.955690 7.720043
82.698516 1.309395 7.829511
83.846880 1.708497 7.951642
84.892723 2.082931 8.063384
85.938138 2.471351 8.175598
87.093426 2.898340 8.307907
88.143472 3.293093 8.419602
89.299271 3.737479 8.542358
90.354361 4.149182 8.653823
91.415295 4.568971 8.764541
92.583680 5.037376 8.887067
93.645487 5.473455 9.002133
94.709076 5.914656 9.123363
95.880811 6.406700 9.263635
96.945987 6.863746 9.389534
98.116857 7.381708 9.528065
99.179657 7.869385 9.654223
100.238667 8.370751 9.776657
101.400878 8.939017 9.905209
102.454879 9.468094 10.025049
103.506008 10.010153 10.148368
104.659142 10.618176 10.290972
105.702925 11.184312 10.421829
106.742897 11.767621 10.547222
107.881998 12.425382 10.684180
108.913198 13.040308 10.810092
110.041887 13.731519 10.950895
111.064298 14.374983 11.079431
112.083373 15.031409 11.210439
113.199948 15.767033 11.354460
114.211467 16.447088 11.481501
115.218933 17.135428 11.605809
116.323726 17.903742 11.744215
117.321882 18.609831 11.874276
118.414018 19.393481 12.020784
119.400665 20.110321 12.158641
120.381459 20.830301 12.300161
121.452859 21.623907 12.451841
122.420019 22.346735 12.583549
123.380338 23.071033 12.712206
124.430198 23.867680 12.853021
125.376973 24.591197 12.979480
126.413373 25.382029 13.109095
127.333475 26.093309 13.233143
128.243114 26.799351 13.359160
129.237133 27.581936 13.490896
130.125442 28.291682 13.603256
131.009235 28.995248 13.714517
131.967534 29.763269 13.837052
132.822996 30.464408 13.948008
133.753799 31.229169 14.069033
134.598950 31.915051 14.179745
135.443085 32.593027 14.289587
136.382077 33.326721 14.402066
137.236202 33.984579 14.507422
138.090898 34.634819 14.610626
139.034552 35.336942 14.724401
139.895589 35.965806 14.825896
140.846211 36.643968 14.939488
141.716250 37.246219 15.038205
142.594776 37.829618 15.136433
143.572464 38.459270 15.241754
144.467279 39.020232 15.338807
145.457841 39.619298 15.443578
146.359666 40.154771 15.527951
147.260870 40.674268 15.613025
148.253209 41.227645 15.704948
149.152164 41.714259 15.794874
150.052251 42.185037 15.883275
151.036749 42.686406 15.988015
151.930978 43.126176 16.080352
152.910375 43.593846 16.181217
153.798327 44.006210 16.267024
154.682602 44.404070 16.354524
155.652744 44.824792 16.451757
156.526515 45.201918 16.541607
157.397621 45.566077 16.631107
158.352372 45.952417 16.725593
159.218092 46.289885 16.808943
160.165119 46.649156 16.899005
161.017472 46.960928 16.979181
161.851718 47.260554 17.050310
162.768687 47.576286 17.130057
163.582820 47.851207 17.199233
164.397318 48.114568 17.269522
165.288295 48.386465 17.345395
166.098912 48.616444 17.412938
166.981785 48.855910 17.481303
167.781741 49.060158 17.540805
168.579900 49.250598 17.598323
169.456862 49.444359 17.662752
170.256293 49.609524 17.724191
171.135268 49.775866 17.791305
171.935922 49.913169 17.850640
172.736224 50.033033 17.912552
173.621082 50.151622 17.979987
174.422453 50.242535 18.049697
175.227899 50.321511 18.106528
176.117270 50.397808 18.166989
176.930711 50.460712 18.220784
177.827801 50.516571 18.280634
178.648249 50.556462 18.331163
179.473489 50.583077 18.377038
180.391993 50.606348 18.419157
181.234013 50.622975 18.460912
182.085072 50.631611 18.502758
183.031822 50.639969 18.552016
183.903455 50.640737 18.592137
184.873888 50.635395 18.633369
185.768118 50.621122 18.668560
186.673917 50.601712 18.704728
187.682929 50.570876 18.742159
188.612258 50.536091 18.774359
189.551749 50.491809 18.805444
190.598002 50.430552 18.838982
191.559878 50.366635 18.869792
192.630667 50.284059 18.904993
193.614605 50.196980 18.941158
194.607344 50.084391 18.985059
195.710790 49.943515 19.031977
196.722284 49.789024 19.072444
197.843855 49.601247 19.111962
198.866131 49.396240 19.153009
199.895871 49.169240 19.192529
201.034987 48.890820 19.235266
202.077409 48.614709 19.267919
203.234206 48.274868 19.300890
204.288124 47.941676 19.323198
205.343967 47.582540 19.341660
206.511667 47.153075 19.356015
207.575040 46.738991 19.373409
208.644160 46.293534 19.389430
209.825637 45.775316 19.400976
210.900914 45.275575 19.411763
212.078322 44.706230 19.427078
213.147767 44.158742 19.439925
214.213295 43.589608 19.453672
215.383549 42.930230 19.468972
216.446560 42.302537 19.481788
217.506691 41.650823 19.500052
218.664639 40.902857 19.529055
219.713890 40.198802 19.554215
220.862606 39.391949 19.587308
221.903176 38.635642 19.622448
222.937397 37.854243 19.667201
224.071905 36.969304 19.720252
225.098273 36.134598 19.780722
226.115426 35.277022 19.841482
227.222484 34.307723 19.905809
228.219351 33.406035 19.965440
229.310762 32.390882 20.040465
230.295918 31.445798 20.105375
231.270424 30.478392 20.165464
232.327288 29.385339 20.235454
233.275030 28.366231 20.304882
234.212383 27.324399 20.380353
235.224104 26.154829 20.466914
236.133999 25.064362 20.555706
237.108074 23.839732 20.661525
237.975702 22.696218 20.759581
238.812525 21.527911 20.860673
239.702847 20.210585 20.977191
240.476452 18.986103 21.084023
241.293693 17.609898 21.207989
241.998509 16.335945 21.323505
242.670921 15.040745 21.441922
243.372680 13.589663 21.581699
243.976481 12.253677 21.714568
244.551295 10.898591 21.851969
245.143030 9.392207 22.003056
245.651783 8.006092 22.141421
246.175766 6.467418 22.294219
246.625136 5.054192 22.437926
247.044278 3.631984 22.586745
247.474952 2.055269 22.760603
247.836602 0.614654 22.917129
248.170669 -0.826655 23.072313
248.503187 -2.409558 23.242603
248.771393 -3.842628 23.393654
249.028677 -5.410944 23.553997
249.227930 -6.829191 23.699176
249.396784 -8.243482 23.847651
249.545261 -9.788581 24.009950
249.646390 -11.185484 24.152949
249.712730 -12.570994 24.291830
249.748947 -14.083131 24.439057
249.745544 -15.444456 24.567350
249.711655 -16.793546 24.693706
249.637716 -18.261586 24.829615
249.539542 -19.581380 24.952494
249.400507 -21.015683 25.085399
249.246768 -22.304976 25.204724
249.068233 -23.577464 25.319137
248.843951 -24.955115 25.444751
248.617219 -26.190053 25.564673
248.369861 -27.407694 25.694896
248.076514 -28.727798 25.844698
247.786475 -29.909884 25.978157
247.444932 -31.194563 26.124892
247.111414 -32.345552 26.256842
246.759854 -33.483075 26.385543
246.349970 -34.714646 26.524559
245.961934 -35.819629 26.648561
245.558611 -36.907761 26.770122
245.095394 -38.084374 26.911658
244.657241 -39.133241 27.041979
244.161827 -40.268741 27.177763
243.702498 -41.280962 27.297235
243.235874 -42.276142 27.408804
242.717523 -43.351852 27.526339
242.243961 -44.314147 27.631865
241.770561 -45.261965 27.740656
241.249018 -46.287884 27.859687
240.773189 -47.211768 27.967120
240.247988 -48.216491 28.102096
239.769684 -49.120720 28.219097
239.294704 -50.015209 28.320350
238.776949 -50.989342 28.422458
238.311070 -51.868458 28.514372
237.848566 -52.742201 28.609902
237.345954 -53.697871 28.717685
236.892912 -54.562268 28.812849
236.404132 -55.508962 28.919456
235.964437 -56.367105 29.016069
235.528419 -57.223248 29.115824
235.056836 -58.163624 29.228946
234.633604 -59.016956 29.329463
234.219267 -59.870535 29.425525
233.771001 -60.811478 29.533686
233.371610 -61.666828 29.633760
232.940261 -62.608519 29.741722
232.555140 -63.464660 29.839644
232.177468 -64.321118 29.935627
231.770525 -65.262700 30.035226
231.405236 -66.119020 30.126142
231.047572 -66.976291 30.220613
230.663849 -67.920509 30.325140
230.319775 -68.779118 30.422387
229.983726 -69.638871 30.523235
229.621650 -70.586009 30.629302
229.299454 -71.447122 30.722657
228.950379 -72.394752 30.820773
228.639790 -73.256445 30.911457
228.334423 -74.117299 31.002797
228.009557 -75.063347 31.100820
227.723438 -75.920281 31.188375
227.420646 -76.863488 31.288381
227.153664 -77.726948 31.380238
226.889157 -78.595170 31.469897
226.600596 -79.555839 31.562776
226.337321 -80.436037 31.649749
226.074979 -81.320711 31.738889
225.785249 -82.301198 31.841548
225.523625 -83.194942 31.934288
225.235736 -84.184906 32.041036
224.981164 -85.088203 32.143496
224.728095 -85.995423 32.247100
224.448600 -86.995931 32.362742
224.197283 -87.908276 32.459296
223.946344 -88.822871 32.552340
223.676577 -89.831520 32.660810
223.439086 -90.751836 32.760064
223.185609 -91.763734 32.866763
222.964766 -92.683555 32.965253
222.753672 -93.605481 33.061347
222.531637 -94.622990 33.168166
222.343884 -95.549671 33.269584
222.165632 -96.478419 33.368804
221.981991 -97.500839 33.473241
221.827545 -98.432447 33.567440
221.667254 -99.457689 33.675416
221.532048 -100.391088 33.777640
221.405737 -101.324756 33.879070
221.279723 -102.353755 33.989471
221.173785 -103.289932 34.089191
221.076289 -104.226275 34.188620
220.977510 -105.253801 34.294213
220.896083 -106.185655 34.389904
220.814421 -107.208716 34.491787
220.750505 -108.133731 34.589049
220.694932 -109.056059 34.685593
220.641803 -110.064075 34.788162
220.601260 -110.978431 34.882798
220.570646 -111.981502 34.981704
220.551482 -112.890245 35.066558
220.540019 -113.796923 35.148299
220.539906 -114.790100 35.239208
220.546965 -115.691624 35.322245
220.562335 -116.590391 35.401070
220.587598 -117.578817 35.484837
220.620189 -118.470556 35.560244
220.659935 -119.365335 35.636856
220.713874 -120.348937 35.721491
220.772635 -121.245093 35.798727
220.845393 -122.231621 35.880356
220.916870 -123.132006 35.952785
221.015105 -124.036080 36.034322
221.140818 -125.034061 36.126598
221.246239 -125.942288 36.203557
221.366623 -126.942596 36.284909
221.469113 -127.852540 36.353063
221.574920 -128.765811 36.425307
221.682192 -129.772518 36.505376
221.782484 -130.689470 36.581373
221.880093 -131.607301 36.652487
221.990924 -132.617842 36.726879
222.092081 -133.538833 36.790806
222.206051 -134.554305 36.856623
222.307369 -135.480981 36.911806
222.409255 -136.409688 36.968301
222.520199 -137.438074 37.034330
222.618899 -138.378245 37.090840
222.718786 -139.319957 37.146129
222.827345 -140.354400 37.202393
222.926530 -141.296579 37.252844
223.036307 -142.330711 37.305827
223.135563 -143.270217 37.355988
223.237543 -144.207805 37.402747
223.351644 -145.237961 37.450998
223.458125 -146.172974 37.493942
223.565113 -147.107793 37.534963
223.684879 -148.136773 37.579948
223.833234 -149.347800 37.627889
223.929702 -150.091641 37.654174
224.057383 -151.017416 37.685382
224.193195 -151.943935 37.716087
224.347594 -152.960635 37.747185
224.494073 -153.884682 37.778804
224.648353 -154.806502 37.805327
224.825669 -155.820633 37.826582
224.998814 -156.741692 37.846328
225.201916 -157.755805 37.868498
225.399473 -158.678309 37.888610
225.607809 -159.602303 37.910826
225.851749 -160.620623 37.931544
226.085098 -161.547652 37.948206
226.329832 -162.478516 37.962532
226.615495 -163.503798 37.979875
226.887485 -164.438467 37.993574
227.199227 -165.466739 38.001761
227.495677 -166.404004 38.001299
227.804266 -167.341173 38.001004
228.162171 -168.371957 38.000812
228.503854 -169.308258 38.001705
228.859759 -170.243284 37.996754
229.269417 -171.270691 37.986092
229.654221 -172.203425 37.977920
230.054692 -173.135260 37.967428
230.512504 -174.156909 37.955955
230.945139 -175.084634 37.941266
231.436229 -176.102664 37.927365
231.894587 -177.026632 37.911438
232.359946 -177.950950 37.897006
232.885598 -178.967595 37.883165
233.376183 -179.890842 37.872089
233.929083 -180.903366 37.852509
234.440178 -181.824140 37.831391
234.960980 -182.744820 37.809755
235.542850 -183.758287 37.787579
236.077061 -184.680319 37.761516
236.616737 -185.602858 37.735713
237.213909 -186.622384 37.715138
237.761997 -187.550452 37.703158
238.366310 -188.577735 37.693294
238.918739 -189.513828 37.682686
239.471833 -190.452479 37.672567
240.083390 -191.487224 37.658948
240.641321 -192.430661 37.649621
241.199943 -193.377320 37.642384
241.818138 -194.418790 37.636958
242.383159 -195.364063 37.633017
243.009711 -196.398948 37.626278
243.582598 -197.335839 37.621649
244.162432 -198.269786 37.617921
244.812001 -199.285912 37.613897
245.411636 -200.199964 37.607986
246.022435 -201.104985 37.601022
246.707315 -202.089005 37.596616
247.340857 -202.971877 37.591940
248.046614 -203.932237 37.581490
248.698499 -204.794297 37.571657
249.360978 -205.645594 37.562585
250.102744 -206.567140 37.551342
250.787513 -207.392038 37.539234
251.482920 -208.205002 37.526729
252.258270 -209.089378 37.514798
252.970394 -209.886350 37.504276
253.755682 -210.758552 37.490559
254.472729 -211.549240 37.480526
255.191055 -212.337021 37.470263
255.984163 -213.198692 37.460696
256.708763 -213.976847 37.452050
257.437120 -214.750638 37.444136
258.242957 -215.596390 37.437590
258.980311 -216.357955 37.431675
259.794135 -217.193093 37.431065
260.539381 -217.943620 37.430276
261.290595 -218.686292 37.428038
262.117419 -219.494561 37.418348
262.870718 -220.224358 37.412982
263.623837 -220.950663 37.407906
264.450390 -221.742597 37.405418
265.200992 -222.451648 37.403470
266.021413 -223.220552 37.403516
266.753470 -223.915032 37.402789
267.470529 -224.607983 37.401179
268.237550 -225.369628 37.400586
268.916068 -226.060276 37.400014
269.640013 -226.814258 37.399560
270.282593 -227.494692 37.397052
270.914849 -228.169253 37.392286
271.600548 -228.910817 37.388492
272.223968 -229.579914 37.386076
272.845326 -230.245543 37.385507
273.532842 -230.968347 37.381530
274.162010 -231.617455 37.376734
274.796609 -232.256637 37.373784
275.501121 -232.945026 37.371623
276.146252 -233.558521 37.370779
276.867828 -234.215915 37.368053
277.534808 -234.796945 37.365089
278.213853 -235.357158 37.362368
278.971846 -235.954522 37.362267
279.677887 -236.474963 37.358128
280.398806 -236.977403 37.355514
281.208577 -237.507083 37.357061
281.957562 -237.967986 37.360917
282.794661 -238.447416 37.363670
283.571427 -238.859048 37.370379
284.361976 -239.250894 37.376754
285.248562 -239.653107 37.386114
286.068380 -240.001408 37.395814
286.902769 -240.334288 37.403027
287.835116 -240.685015 37.418567
288.691939 -240.998942 37.424070
289.643919 -241.340672 37.417499
290.518145 -241.653414 37.416120
291.402759 -241.969845 37.424567
292.383528 -242.323971 37.441781
293.280241 -242.654286 37.458192
294.272007 -243.025112 37.475161
295.183484 -243.369310 37.488824
296.104479 -243.719391 37.503660
297.129711 -244.111516 37.526120
298.073089 -244.472634 37.552475
299.123077 -244.873728 37.583294
300.087056 -245.242305 37.609190
301.060017 -245.614981 37.632338
302.140745 -246.027241 37.657555
303.130315 -246.403671 37.681008
304.228813 -246.821662 37.708481
305.228975 -247.203946 37.739410
306.235860 -247.588905 37.773602
307.347635 -248.012057 37.817707
308.361348 -248.392363 37.859910
309.375901 -248.764779 37.900969
310.495739 -249.166739 37.945943
311.517611 -249.520051 37.986727
312.646317 -249.896457 38.033471
313.675189 -250.228093 38.077979
314.705896 -250.550358 38.123463
315.840192 -250.892786 38.172099
316.870625 -251.193096 38.215844
317.901094 -251.481427 38.258476
319.033775 -251.788436 38.309021
320.061934 -252.060479 38.359954
321.190866 -252.353113 38.418891
322.216193 -252.610688 38.471243
323.242147 -252.862992 38.522710
324.370474 -253.134500 38.581419
325.399383 -253.371862 38.632322
326.430511 -253.604060 38.685956
327.568151 -253.851018 38.755117
328.814344 -254.112924 38.820716
329.751921 -254.305368 38.870114
330.793444 -254.517846 38.928035
331.838020 -254.727661 38.986292
332.988624 -254.953942 39.048967
334.037095 -255.160162 39.098174
335.086844 -255.365768 39.146039
336.244684 -255.593784 39.197147
337.299927 -255.800072 39.242936
338.464012 -256.024940 39.292639
339.524284 -256.228037 39.339236
340.586710 -256.429574 39.386093
341.756321 -256.648210 39.438771
342.818566 -256.846281 39.484696
343.986721 -257.061697 39.533560
345.047289 -257.256001 39.575517
346.104339 -257.448686 39.615461
347.265107 -257.663948 39.655123
348.320621 -257.861175 39.690672
349.372444 -258.061983 39.729074
350.527133 -258.284456 39.769742
351.575603 -258.485028 39.803841
352.726617 -258.708591 39.839733
353.767238 -258.913723 39.871680
354.802317 -259.122075 39.903750
355.937448 -259.349885 39.937964
356.964728 -259.560414 39.971879
357.987521 -259.769626 40.001614
359.108177 -259.999807 40.028702
360.121704 -260.207298 40.050365
361.230342 -260.438352 40.072586
362.233911 -260.646682 40.092739
363.231469 -260.856915 40.112663
364.322803 -261.088452 40.133160
365.310296 -261.297302 40.154213
366.292609 -261.507578 40.176197
367.366890 -261.733442 40.198648
368.337652 -261.938514 40.217017
369.399251 -262.160254 40.233197
370.358294 -262.361281 40.248209
371.313194 -262.560034 40.261985
372.358351 -262.778899 40.274931
373.302248 -262.975663 40.286617
374.241001 -263.168519 40.294763
375.270283 -263.375697 40.294694
376.202584 -263.563462 40.295715
377.222959 -263.769551 40.296013
378.144577 -263.956242 40.298377
379.064305 -264.132916 40.297857
380.068727 -264.330372 40.297926
380.979342 -264.507962 40.296446
381.885566 -264.684456 40.291563
382.884132 -264.880137 40.284277
383.784434 -265.053562 40.272635
384.680816 -265.225825 40.259619
385.663475 -265.414418 40.248993
386.553475 -265.582861 40.237457
387.527074 -265.766107 40.225001
388.405520 -265.928994 40.211177
389.277149 -266.087906 40.199216
390.224311 -266.262421 40.185646
391.076413 -266.424094 40.172328
391.917987 -266.583958 40.159010
392.832777 -266.756431 40.145671
393.650060 -266.910279 40.131195
394.535618 -267.075729 40.113311
395.325970 -267.224090 40.097463
396.105711 -267.369987 40.083279
396.953881 -267.528400 40.068053
397.719092 -267.673040 40.056128
398.480025 -267.817507 40.043089
399.313208 -267.977617 40.029831
400.070684 -268.123294 40.018974
400.900053 -268.288471 40.007059
401.653892 -268.443070 39.997881
402.405220 -268.601239 39.988000
403.230319 -268.782244 39.978114
403.977495 -268.956532 39.969408
404.795752 -269.159512 39.956637
405.534199 -269.356835 39.938027
406.269365 -269.564852 39.915190
407.072524 -269.812103 39.886457
407.796032 -270.056267 39.863116
408.586251 -270.348965 39.832627
409.297057 -270.633086 39.800801
410.001092 -270.935584 39.769737
410.767194 -271.287279 39.736286
411.457905 -271.625389 39.708151
412.139449 -271.984397 39.679909
412.881096 -272.401053 39.647708
413.546399 -272.800579 39.614628
414.270899 -273.259687 39.576461
414.921446 -273.696472 39.540252
415.562975 -274.152176 39.503371
416.259368 -274.674101 39.461738
416.883959 -275.165304 39.422186
417.560153 -275.725873 39.376387
418.168632 -276.248371 39.334409
418.769788 -276.786385 39.294353
419.422721 -277.392099 39.248035
420.009982 -277.957450 39.205338
420.588780 -278.536144 39.162489
421.216681 -279.188444 39.117208
421.777784 -279.794931 39.075747
422.383799 -280.479243 39.030007
422.923630 -281.116534 38.989645
423.456281 -281.761567 38.947711
424.028513 -282.485028 38.896936
424.537925 -283.153488 38.846473
425.040246 -283.831693 38.801396
425.582349 -284.587100 38.748821
426.062335 -285.286731 38.703439
426.526767 -286.000058 38.663138
427.019853 -286.799667 38.620528
427.452536 -287.536368 38.575987
427.908290 -288.358509 38.525687
428.300621 -289.115010 38.478019
428.672307 -289.881017 38.430108
429.053926 -290.733740 38.376439
429.379318 -291.512759 38.327050
429.681050 -292.297069 38.279157
429.988977 -293.163453 38.224547
430.249150 -293.959853 38.175146
430.514572 -294.842142 38.117348
430.739596 -295.653460 38.065232
430.953282 -296.469635 38.012522
431.172923 -297.373782 37.952635
431.357369 -298.201108 37.889992
431.526858 -299.035596 37.825031
431.695785 -299.963356 37.759745
431.835133 -300.813186 37.702185
431.969607 -301.754126 37.629453
432.072526 -302.614580 37.559017
432.157200 -303.479902 37.484858
432.226139 -304.437593 37.400900
432.268917 -305.313045 37.325263
432.287311 -306.194020 37.252420
432.284225 -307.167906 37.168419
432.259563 -308.059557 37.089902
432.208327 -309.045880 37.002516
432.138094 -309.946718 36.920263
432.046215 -310.851005 36.837004
431.916376 -311.849069 36.746982
431.774249 -312.759291 36.665572
431.606673 -313.670877 36.584408
431.394577 -314.674587 36.493766
431.174518 -315.585730 36.410514
430.900551 -316.586001 36.314765
430.625095 -317.494100 36.226924
430.325535 -318.399491 36.136399
429.968918 -319.391546 36.032858
429.618950 -320.290859 35.938903
429.245594 -321.187551 35.847285
428.805634 -322.171183 35.747518
428.381363 -323.060863 35.656116
427.933000 -323.942253 35.559269
427.415901 -324.906484 35.449834
426.920936 -325.777101 35.349359
426.350815 -326.725883 35.238203
425.804796 -327.578373 35.138953
425.235139 -328.420513 35.040421
424.582908 -329.338075 34.931820
423.966130 -330.160284 34.831950
423.329901 -330.972078 34.728694
422.607093 -331.855784 34.616254
421.927754 -332.651007 34.519059
421.157960 -333.515533 34.411032
420.440611 -334.288871 34.311063
419.702754 -335.049788 34.214087
418.869960 -335.873488 34.112246
418.092093 -336.610344 34.022811
417.297231 -337.333781 33.928250
416.403342 -338.114022 33.821197
415.573912 -338.808906 33.725083
414.730950 -339.493314 33.627354
413.789611 -340.237519 33.516245
412.922341 -340.905768 33.417923
411.957351 -341.635515 33.312111
411.073959 -342.297337 33.213759
410.184778 -342.960189 33.111867
409.201870 -343.693054 32.998365
408.303514 -344.363811 32.891834
407.400589 -345.037156 32.783228
406.401721 -345.782631 32.661334
405.487047 -346.457315 32.546304
404.476215 -347.202780 32.414903
403.550596 -347.881862 32.297188
402.619063 -348.564055 32.182219
401.588337 -349.317641 32.057731
400.644466 -350.007058 31.945158
399.695533 -350.697871 31.830845
398.647684 -351.461139 31.699735
397.689701 -352.157118 31.576480
396.628328 -352.923081 31.438259
395.658431 -353.622192 31.310839
394.683069 -354.322813 31.182519
393.604105 -355.095980 31.039979
392.617510 -355.803526 30.913994
391.626018 -356.516653 30.789060
390.532484 -357.308022 30.647024
389.533501 -358.031206 30.512553
388.426588 -358.829550 30.369250
387.413999 -359.560834 30.241676
386.393646 -360.298881 30.120450
385.262416 -361.115374 29.986255
384.230515 -361.860657 29.856072
383.194097 -362.609020 29.721463
382.047091 -363.436920 29.576557
380.997746 -364.194096 29.446205
379.837787 -365.031215 29.300139
378.776548 -365.794335 29.165636
377.710214 -366.560833 29.031439
376.530792 -367.408965 28.883862
375.452820 -368.182668 28.749161
374.371630 -368.961547 28.611606
373.177519 -369.822044 28.456719
372.090339 -370.609354 28.311732
370.998920 -371.400028 28.171643
369.797754 -372.271022 28.018357
368.701402 -373.059341 27.876910
367.492504 -373.924895 27.723944
366.390294 -374.711167 27.587883
365.287051 -375.498596 27.453074
364.074728 -376.365335 27.303220
362.972084 -377.153002 27.166365
361.869423 -377.939306 27.028945
360.657788 -378.806400 26.875855
359.555096 -379.593006 26.737778
358.342403 -380.458484 26.586458
357.241741 -381.245855 26.449021
356.141648 -382.033940 26.312591
354.934916 -382.908378 26.167220
353.839467 -383.705105 26.033185
352.748002 -384.497621 25.884745
351.552552 -385.367471 25.721779
350.464048 -386.155149 25.582905
349.272324 -387.023347 25.434191
348.193160 -387.814444 25.301572
347.116442 -388.605858 25.170708
345.933872 -389.475602 25.025501
344.861082 -390.264738 24.887464
343.790724 -391.056042 24.746955
342.613220 -391.923438 24.593996
341.541944 -392.709635 24.458140
340.366039 -393.570872 24.314641
339.298704 -394.350342 24.186873
338.233187 -395.125399 24.057792
337.063455 -395.973208 23.913239
335.999914 -396.736454 23.780740
334.937832 -397.493579 23.643557
333.769393 -398.318343 23.495694
332.708876 -399.063590 23.363134
331.543255 -399.879116 23.223556
330.484329 -400.611101 23.096551
329.430754 -401.336977 22.970232
328.279070 -402.125319 22.830471
327.243315 -402.829440 22.705373
326.218596 -403.522294 22.582121
325.106233 -404.269318 22.450340
324.109804 -404.936316 22.329560
323.030909 -405.656649 22.197214
322.065259 -406.300481 22.078173
321.113523 -406.932039 21.962824
320.085243 -407.613968 21.841051
319.167229 -408.221887 21.731500
318.267867 -408.819857 21.623734
317.299497 -409.466344 21.506568
316.438264 -410.048149 21.402432
315.591760 -410.628338 21.299944
314.677295 -411.268820 21.187399
313.860828 -411.856366 21.085136
312.981375 -412.508236 20.972314
312.202614 -413.110857 20.869286
311.442170 -413.721914 20.769445
310.621080 -414.403289 20.662461
309.892351 -415.030562 20.565791
309.173505 -415.674364 20.471531
308.395316 -416.395545 20.369104
307.704634 -417.069310 20.273543
306.959005 -417.822038 20.169235
306.294338 -418.521128 20.072466
305.647422 -419.232256 19.969026
304.957683 -420.024726 19.852857
304.349736 -420.757887 19.746117
303.760154 -421.508726 19.640856
303.121195 -422.348944 19.526985
302.556683 -423.125451 19.421964
301.953355 -423.993821 19.305968
301.424705 -424.799319 19.202439
300.915499 -425.625577 19.104736
300.378434 -426.555217 19.002084
299.913124 -427.415886 18.908481
299.466699 -428.295995 18.815227
299.003823 -429.288394 18.713559
298.609695 -430.205144 18.618163
298.240897 -431.137927 18.522323
297.867236 -432.174511 18.408775
297.554886 -433.134882 18.302538
297.237953 -434.204258 18.192190
296.982486 -435.191338 18.092494
296.754039 -436.191838 17.995879
296.527353 -437.308320 17.895029
296.350213 -438.331585 17.801919
296.198507 -439.364061 17.708074
296.067482 -440.510360 17.599267
295.975738 -441.557357 17.498491
295.907348 -442.720982 17.395492
295.873144 -443.784504 17.303577
295.866527 -444.854833 17.209738
295.889271 -446.034825 17.101302
295.935008 -447.112469 16.996366
296.005451 -448.189539 16.886286
296.112438 -449.377726 16.764585
296.237504 -450.460027 16.651755
296.404901 -451.645688 16.524161
296.575870 -452.731163 16.407972
296.766203 -453.817169 16.291141
296.994503 -455.007571 16.161163
297.215354 -456.095888 16.044009
297.475585 -457.293929 15.914669
297.726315 -458.384774 15.798124
297.989131 -459.476709 15.685485
298.292455 -460.681084 15.570668
298.575170 -461.778072 15.474460
298.864484 -462.864661 15.374591
299.189701 -464.055129 15.263649
299.488188 -465.134770 15.160422
299.821654 -466.321908 15.043819
300.125755 -467.398206 14.936060
300.433458 -468.470723 14.824959
300.771605 -469.647301 14.706326
301.083910 -470.710719 14.603022
301.431468 -471.871572 14.493377
301.741070 -472.916795 14.398101
302.047666 -473.948461 14.303359
302.378032 -475.074898 14.198646
302.670909 -476.089855 14.103768
302.953832 -477.086852 14.004681
303.249267 -478.168663 13.899728
303.504357 -479.141429 13.804535
303.774940 -480.193275 13.699432
304.002068 -481.139272 13.613214
304.212731 -482.072141 13.529942
304.425029 -483.079806 13.442362
304.602022 -483.984331 13.367135
304.778353 -484.963046 13.288821
304.916419 -485.830697 13.218298
305.038988 -486.680051 13.149807
305.155511 -487.591858 13.075223
305.249510 -488.404428 13.014854
305.341837 -489.282114 12.951565
305.406155 -490.065981 12.909280
305.453203 -490.842149 12.883050
305.485373 -491.680694 12.852328
305.488958 -492.431199 12.823920
305.465078 -493.242993 12.797033
305.416224 -493.964461 12.763593
305.340149 -494.686949 12.731604
305.222409 -495.475514 12.694302
305.091293 -496.189281 12.663689
304.916377 -496.963591 12.634645
304.725510 -497.666235 12.617647
304.504126 -498.360490 12.606220
304.237952 -499.108224 12.594639
303.972019 -499.769330 12.575175
303.644372 -500.482153 12.546845
303.310641 -501.101281 12.510588
302.956016 -501.712177 12.476209
302.535441 -502.367835 12.442974
302.121450 -502.947819 12.414170
301.644144 -503.563941 12.378698
301.197322 -504.113374 12.352293
300.733833 -504.652414 12.326714
300.203050 -505.224559 12.289309
299.707517 -505.735550 12.255402
299.200510 -506.237199 12.216568
298.631175 -506.784877 12.171034
298.098994 -507.270684 12.129516
297.505282 -507.805557 12.089096
296.954018 -508.279375 12.047931
296.394328 -508.747257 12.008292
295.765802 -509.249187 11.968578
295.182461 -509.693030 11.938998
294.529516 -510.158305 11.899761
293.920277 -510.562489 11.859076
293.298028 -510.949345 11.824269
292.593377 -511.349328 11.793553
291.938912 -511.686193 11.764991
291.206273 -512.026253 11.727919
290.532142 -512.309922 11.692145
289.851142 -512.557478 11.653353
289.096335 -512.797663 11.613252
288.408841 -512.975112 11.570910
287.654421 -513.142050 11.531334
286.972956 -513.255815 11.493346
286.297630 -513.346692 11.457954
285.559436 -513.424498 11.422382
284.885127 -513.473608 11.390746
284.208729 -513.508331 11.363155
283.464694 -513.531950 11.339947
282.785131 -513.533844 11.320705
282.037121 -513.513144 11.299865
281.357659 -513.471411 11.274233
280.679618 -513.416080 11.245276
279.932988 -513.328027 11.213593
279.255286 -513.218534 11.185631
278.579392 -513.090377 11.157992
277.840048 -512.929549 11.122301
277.175874 -512.760527 11.086928
276.442331 -512.541120 11.059527
275.780697 -512.319036 11.042270
275.124465 -512.081158 11.016057
274.408625 -511.792322 10.981137
273.764827 -511.501555 10.943133
273.123037 -511.183885 10.902048
272.422839 -510.806933 10.860559
271.793768 -510.441616 10.827717
271.106998 -510.019020 10.789740
270.486663 -509.615290 10.753055
269.874117 -509.187414 10.712832
269.206835 -508.695159 10.669320
268.600914 -508.228213 10.630610
267.994752 -507.746239 10.597532
267.330085 -507.202440 10.567025
266.725700 -506.694418 10.539182
266.060154 -506.119179 10.517893
265.456204 -505.578140 10.493486
264.853588 -505.023807 10.461817
264.189080 -504.399698 10.432368
263.581739 -503.824915 10.398854
262.969137 -503.241391 10.356720
262.290442 -502.587721 10.313373
261.664684 -501.989212 10.280914
260.970046 -501.326335 10.245701
260.333531 -500.718112 10.212785
259.691113 -500.102502 10.174255
258.977734 -499.413199 10.120428
258.322474 -498.778882 10.071020
257.660348 -498.137713 10.018561
256.929986 -497.427656 9.973907
256.260034 -496.775261 9.936296
255.515992 -496.050292 9.897610
254.835410 -495.385680 9.861601
254.152338 -494.711108 9.819201
253.397169 -493.967429 9.781599
252.709101 -493.286825 9.749056
252.019032 -492.604499 9.716253
251.258033 -491.853793 9.683611
250.566009 -491.165332 9.646353
249.804839 -490.404865 9.597918
249.114857 -489.709634 9.554008
248.424805 -489.008542 9.515346
247.666804 -488.235877 9.478158
246.979449 -487.538626 9.444134
246.288800 -486.841178 9.408310
245.525088 -486.076816 9.368603
244.826577 -485.385088 9.332855
244.055840 -484.625684 9.290554
243.353622 -483.937915 9.255568
242.646729 -483.254500 9.224580
241.866417 -482.508177 9.197017
241.153718 -481.836803 9.176938
240.434601 -481.172658 9.163297
239.639382 -480.447190 9.149344
238.911993 -479.797242 9.142767
238.106408 -479.089284 9.127561
237.371346 -478.455391 9.115658
236.628964 -477.830351 9.094157
235.802108 -477.157579 9.068862
235.043074 -476.554797 9.033901
234.273653 -475.966405 9.011589
233.420241 -475.330672 8.991678
232.637539 -474.762130 8.973698
231.848220 -474.207003 8.960966
230.973220 -473.608831 8.934065
230.168720 -473.078657 8.910879
229.275143 -472.507688 8.884876
228.456513 -471.998946 8.861216
227.632577 -471.499608 8.831283
226.719031 -470.964855 8.799770
225.880520 -470.492277 8.764510
224.951978 -469.979572 8.722863
224.101071 -469.523172 8.678173
223.245565 -469.079617 8.634015
222.299208 -468.606331 8.589176
221.435116 -468.183676 8.550740
220.565475 -467.772615 8.507587
219.603645 -467.327065 8.454796
218.723667 -466.932723 8.407263
217.749588 -466.509592 8.356485
216.857094 -466.133081 8.309775
215.961815 -465.770535 8.263903
214.974015 -465.381811 8.215518
214.074609 -465.037184 8.175534
213.173033 -464.701911 8.138983
212.179965 -464.344298 8.098988
211.276242 -464.028028 8.063884
210.282509 -463.696542 8.029868
209.380343 -463.398601 7.993695
208.477444 -463.104972 7.956912
207.483542 -462.793223 7.914684
206.580010 -462.521711 7.880600
205.677080 -462.258018 7.842959
204.684318 -461.972141 7.800226
203.782227 -461.717807 7.761409
202.793654 -461.450394 7.716416
201.900544 -461.209931 7.666901
201.014054 -460.976176 7.612868
200.047831 -460.722942 7.551226
199.177969 -460.502822 7.502746
198.316096 -460.291198 7.454799
197.384085 -460.072464 7.411143
196.551440 -459.883642 7.375034
195.656224 -459.692512 7.343566
194.863047 -459.533115 7.317402
194.091523 -459.378401 7.285790
193.264032 -459.214152 7.252654
192.537609 -459.072879 7.231843
191.831158 -458.944996 7.226182
191.077975 -458.809655 7.222888
190.408203 -458.689627 7.222932
189.680431 -458.548740 7.222277
189.023517 -458.416829 7.225769
188.370458 -458.280103 7.232680
187.661074 -458.133763 7.242493
187.023280 -457.991084 7.237562
186.328335 -457.835740 7.233031
185.704721 -457.678979 7.225996
185.087085 -457.516800 7.233563
184.415412 -457.332506 7.242400
183.814527 -457.148235 7.249648
183.168125 -456.923047 7.252613
182.590036 -456.695850 7.252203
181.966383 -456.415382 7.243589
181.411628 -456.137374 7.234500
180.869389 -455.839936 7.225900
180.288672 -455.484222 7.208410
179.772407 -455.140085 7.184966
179.220279 -454.729017 7.157819
178.732524 -454.327169 7.137430
178.257853 -453.893905 7.110970
177.752354 -453.401998 7.077083
177.312624 -452.924232 7.038769
176.847871 -452.377000 6.998873
176.448826 -451.854247 6.964971
176.067685 -451.315638 6.931969
175.672811 -450.703057 6.897523
175.330835 -450.129743 6.874059
174.977936 -449.476578 6.840439
174.674542 -448.859015 6.803305
174.387656 -448.223100 6.766050
174.089467 -447.499971 6.731639
173.826914 -446.829308 6.708469
173.572169 -446.140017 6.683470
173.295188 -445.370079 6.660307
173.051638 -444.652963 6.639673
172.788686 -443.839221 6.609311
172.558195 -443.089230 6.583139
172.333085 -442.319268 6.563179
172.091011 -441.455721 6.541227
171.870620 -440.653592 6.519484
171.646224 -439.842301 6.494995
171.388571 -438.934644 6.460900
171.144409 -438.094350 6.426037
170.895968 -437.242731 6.385239
170.615797 -436.290677 6.345105
170.361214 -435.421924 6.311250
170.071808 -434.449441 6.272171
169.808633 -433.553098 6.232489
169.537830 -432.650009 6.200545
169.234870 -431.645869 6.167006
168.953161 -430.728141 6.144325
168.665522 -429.801370 6.122270
168.343527 -428.768833 6.094592
168.044216 -427.822724 6.069639
167.711116 -426.779881 6.047348
167.401861 -425.825679 6.030071
167.089970 -424.875573 6.024421
166.740144 -423.819864 6.020014
166.418865 -422.863462 6.017843
166.094787 -421.903881 6.009095
165.730877 -420.849475 6.003620
165.392758 -419.888754 5.998947
165.047962 -418.928052 5.988521
164.661788 -417.872806 5.973082
164.305681 -416.912020 5.959849
163.905951 -415.856642 5.945157
163.530997 -414.899120 5.926659
163.143466 -413.950996 5.913196
162.703327 -412.912467 5.902487
162.284564 -411.983353 5.902146
161.849790 -411.054278 5.895961
161.353177 -410.038451 5.881970
160.884366 -409.125756 5.878333
160.355005 -408.132206 5.880485
159.859448 -407.237009 5.885544
159.354826 -406.346918 5.880090
158.785028 -405.367696 5.872018
158.253349 -404.478705 5.868197
157.711357 -403.596850 5.868022
157.099795 -402.625864 5.859966
156.531700 -401.749889 5.856220
155.893083 -400.784265 5.846440
155.300488 -399.909605 5.835843
154.696449 -399.037798 5.828832
154.018075 -398.078860 5.816335
153.391828 -397.207585 5.802031
152.758230 -396.340021 5.792289
152.054602 -395.384863 5.784324
151.413530 -394.511388 5.764541
150.703043 -393.546419 5.746216
150.054008 -392.665701 5.732003
149.402199 -391.780520 5.716814
148.678405 -390.803152 5.701052
148.016796 -389.912137 5.688320
147.282537 -388.930595 5.666623
146.608230 -388.031220 5.638968
145.927336 -387.134841 5.621734
145.174177 -386.142879 5.609025
144.485008 -385.234605 5.593196
143.793288 -384.317957 5.567693
143.032341 -383.300175 5.530540
142.337836 -382.370702 5.491549
141.571077 -381.341075 5.450520
140.868193 -380.401513 5.426407
140.158933 -379.457924 5.402950
139.375004 -378.416176 5.370543
138.658920 -377.463023 5.337122
137.940779 -376.502867 5.304586
137.149975 -375.432599 5.259409
136.435054 -374.453580 5.221198
135.653345 -373.367491 5.179637
134.946026 -372.373055 5.147697
134.244392 -371.370190 5.121754
133.481594 -370.255647 5.092782
132.795137 -369.227122 5.056082
132.114294 -368.186232 5.019932
131.374893 -367.036135 4.984293
130.704790 -365.986436 4.961387
129.973834 -364.819961 4.937284
129.311747 -363.752582 4.909221
128.661015 -362.677497 4.876016
127.955778 -361.489360 4.839050
127.321574 -360.408759 4.802213
126.688114 -359.324180 4.765421
125.986630 -358.134469 4.739532
125.347865 -357.043749 4.708783
124.643800 -355.835095 4.658464
124.006698 -354.731336 4.619964
123.370627 -353.622173 4.581815
122.676404 -352.396145 4.544054
122.040625 -351.283733 4.511596
121.403034 -350.168233 4.475888
120.692759 -348.933712 4.427461
120.044269 -347.806845 4.382705
119.331016 -346.558423 4.333317
118.684809 -345.415607 4.282442
118.041310 -344.269384 4.229186
117.335480 -343.005811 4.170750
116.691481 -341.856884 4.122346
116.044606 -340.708947 4.079832
115.332433 -339.443927 4.037310
114.682817 -338.292818 3.995528
114.031510 -337.138397 3.953792
113.310067 -335.865684 3.916351
112.655012 -334.707234 3.886150
111.930876 -333.429992 3.854385
111.268828 -332.260644 3.817836
110.609760 -331.085557 3.783088
109.886319 -329.788344 3.747264
109.224763 -328.603591 3.710487
108.560574 -327.408280 3.668430
107.825595 -326.090963 3.621421
107.157492 -324.881561 3.568165
106.419391 -323.554500 3.513679
105.748679 -322.339014 3.450046
105.077512 -321.120639 3.387192
104.341864 -319.777167 3.321842
103.670900 -318.556502 3.267928
102.996713 -317.329637 3.213542
102.252421 -315.972076 3.147032
101.573828 -314.739273 3.090677
100.830729 -313.368351 3.027554
100.159771 -312.119796 2.975441
99.490884 -310.861743 2.915485
98.753802 -309.488675 2.853490
98.083990 -308.234863 2.797378
97.415797 -306.984094 2.747934
96.683419 -305.601475 2.696498
96.018852 -304.344218 2.657262
95.357442 -303.086186 2.613783
94.631151 -301.701983 2.561018
93.970074 -300.445120 2.514838
93.241710 -299.059471 2.464194
92.581064 -297.800440 2.415159
91.920401 -296.539026 2.363943
91.190910 -295.150713 2.314518
90.527087 -293.893195 2.281062
89.866738 -292.642914 2.244707
89.138169 -291.268311 2.205504
88.473683 -290.019154 2.166874
87.743286 -288.644373 2.121032
87.075265 -287.397268 2.073719
86.404032 -286.153141 2.027276
85.662500 -284.785559 1.984683
84.984685 -283.548282 1.945258
84.303986 -282.313224 1.909433
83.552151 -280.950137 1.855075
82.863779 -279.717063 1.804662
82.103374 -278.361536 1.748915
81.408267 -277.137288 1.699050
80.711874 -275.916967 1.654480
79.942230 -274.578791 1.597785
79.237305 -273.362502 1.550254
78.528443 -272.150938 1.506415
77.741485 -270.827154 1.448772
77.014983 -269.628425 1.398234
76.283174 -268.433007 1.363411
75.468510 -267.121292 1.319561
74.721871 -265.934892 1.282068
73.890227 -264.633555 1.239254
73.129281 -263.466157 1.197655
72.360882 -262.299349 1.151569
71.510092 -261.015521 1.105321
70.728914 -259.849636 1.062043
69.944687 -258.688908 1.017787
69.083167 -257.430253 0.978632
68.294615 -256.284981 0.938922
67.420733 -255.031721 0.900606
66.619655 -253.891679 0.868159
65.811529 -252.763053 0.837496
64.915576 -251.518759 0.802505
64.096740 -250.397403 0.775839
63.278432 -249.271936 0.742734
62.374338 -248.045588 0.714349
61.547297 -246.925947 0.686080
60.639581 -245.691016 0.644800
59.808104 -244.566989 0.604034
58.971334 -243.445201 0.563344
58.047563 -242.223061 0.528059
57.202717 -241.107860 0.491061
56.357129 -239.994882 0.443610
55.426688 -238.766327 0.390640
54.579178 -237.651770 0.346377
53.646918 -236.422451 0.296886
52.797738 -235.308489 0.252592
51.948820 -234.192904 0.206162
51.012452 -232.968268 0.158363
50.160751 -231.854867 0.117272
49.309979 -230.742336 0.074961
48.372715 -229.524031 0.030350
47.519381 -228.420710 -0.006775
46.576626 -227.213360 -0.041332
45.716824 -226.113722 -0.076610
44.852776 -225.017264 -0.110501
43.902253 -223.808505 -0.146676
43.033781 -222.702620 -0.183878
42.167090 -221.595703 -0.221416
41.216130 -220.376033 -0.258736
40.357952 -219.274823 -0.287532
39.421084 -218.068806 -0.301019
38.570832 -216.967582 -0.317410
37.725379 -215.861865 -0.339966
36.807622 -214.643368 -0.355743
35.982200 -213.528121 -0.378848
35.168241 -212.410820 -0.401512
34.285134 -211.170981 -0.440208
33.493077 -210.039763 -0.467281
32.634490 -208.783915 -0.507045
31.869186 -207.635434 -0.552231
31.118773 -206.478550 -0.598256
30.308571 -205.197505 -0.656438
29.585482 -204.020297 -0.710367
28.875915 -202.836422 -0.764693
28.113324 -201.529553 -0.819290
27.430388 -200.327577 -0.869191
26.692257 -198.996978 -0.928488
26.035945 -197.781911 -0.983272
25.393596 -196.555132 -1.048921
24.708322 -195.202258 -1.114703
24.099389 -193.965621 -1.170617
23.504060 -192.731621 -1.216399
22.861839 -191.369947 -1.263246
22.284846 -190.127559 -1.301461
21.713951 -188.881970 -1.339340
21.095820 -187.507602 -1.388705
20.541147 -186.253467 -1.428950
19.938908 -184.870097 -1.468870
19.399816 -183.603803 -1.509710
18.868697 -182.327760 -1.551481
18.290344 -180.924815 -1.595385
17.769168 -179.646230 -1.631907
17.253142 -178.367030 -1.669208
16.694632 -176.954467 -1.704720
16.189572 -175.665230 -1.736925
15.649544 -174.242465 -1.777534
15.166511 -172.944543 -1.817949
14.690113 -171.643352 -1.856761
14.176362 -170.214139 -1.888369
13.717330 -168.907010 -1.918499
13.267300 -167.595114 -1.947837
12.772383 -166.148305 -1.985472
12.324173 -164.832851 -2.023141
11.832629 -163.382048 -2.072023
11.386789 -162.063466 -2.110105
10.938461 -160.741851 -2.148874
10.441504 -159.278872 -2.204317
9.983509 -157.949236 -2.259749
9.526838 -156.618369 -2.315425
9.025707 -155.150536 -2.366032
8.570156 -153.822626 -2.403597
8.118639 -152.487656 -2.437851
7.616037 -151.020639 -2.478846
7.160725 -149.685805 -2.518686
6.661146 -148.219359 -2.566808
6.209725 -146.883657 -2.608585
5.753336 -145.546708 -2.647876
5.252805 -144.072940 -2.690612
4.796816 -142.731853 -2.730545
4.341686 -141.389630 -2.771912
3.842760 -139.912377 -2.820753
3.388581 -138.569695 -2.862944
2.893100 -137.087968 -2.905789
2.445967 -135.737448 -2.943403
2.002280 -134.385005 -2.983459
1.514948 -132.896449 -3.029723
1.074052 -131.541166 -3.068132
0.634307 -130.176753 -3.109852
0.154419 -128.667437 -3.162906
-0.277226 -127.289325 -3.214560
-0.752602 -125.763915 -3.273932
-1.181875 -124.388224 -3.314448
-1.611008 -123.014458 -3.361617
-2.088279 -121.504058 -3.406739
-2.528568 -120.122406 -3.448430
-2.972586 -118.732878 -3.488260
-3.443247 -117.209005 -3.546094
-3.866496 -115.835279 -3.600512
-4.333742 -114.326766 -3.659918
-4.764772 -112.954180 -3.696302
-5.198038 -111.579876 -3.731205
-5.670757 -110.069097 -3.778085
-6.099072 -108.696052 -3.824677
-6.527638 -107.323080 -3.869485
-6.998831 -105.804246 -3.918624
-7.427271 -104.419133 -3.967292
-7.856723 -103.032115 -4.024246
-8.329491 -101.514557 -4.080283
-8.761466 -100.137495 -4.126496
-9.237981 -98.635384 -4.169503
-9.671173 -97.267470 -4.220646
-10.105548 -95.900194 -4.272383
-10.583365 -94.393220 -4.334404
-11.017463 -93.024302 -4.394657
-11.449737 -91.656340 -4.458038
-11.922336 -90.149430 -4.532617
-12.355805 -88.785440 -4.590415
-12.833964 -87.284645 -4.651674
-13.271191 -85.922429 -4.701309
-13.707797 -84.558629 -4.753156
-14.191745 -83.061910 -4.808206
-14.630517 -81.699041 -4.860207
-15.073536 -80.339538 -4.911689
-15.560451 -78.846260 -4.971715
-16.006891 -77.488567 -5.022679
-16.498793 -75.994930 -5.071506
-16.943320 -74.636825 -5.116718
-17.386072 -73.280042 -5.167866
-17.864960 -71.764754 -5.235462
-18.310201 -70.404203 -5.282369
-18.755442 -69.029326 -5.338141
-19.244739 -67.527098 -5.398353
-19.682318 -66.141802 -5.459787
-20.165901 -64.630890 -5.515971
-20.604799 -63.252259 -5.566465
-21.048623 -61.883016 -5.613801
-21.536718 -60.376469 -5.669895
-21.985390 -59.012192 -5.720360
-22.432756 -57.650578 -5.768658
-22.926800 -56.152799 -5.819855
-23.381839 -54.787082 -5.871419
-23.838589 -53.416055 -5.929637
-24.338901 -51.917121 -5.982162
-24.792037 -50.553632 -6.032873
-25.294864 -49.066256 -6.078243
-25.755623 -47.716801 -6.114414
-26.214081 -46.368491 -6.145350
-26.718635 -44.888189 -6.178682
-27.176214 -43.546823 -6.208140
-27.635162 -42.209300 -6.233584
-28.143217 -40.740533 -6.252406
-28.608010 -39.404981 -6.260289
-29.126565 -37.918472 -6.281248
-29.578373 -36.580876 -6.311424
-30.028419 -35.249018 -6.344301
-30.513518 -33.806052 -6.375011
-30.951751 -32.499426 -6.396781
-31.389382 -31.206361 -6.400042
-31.868897 -29.804256 -6.401442
-32.305715 -28.548021 -6.402674
-32.794160 -27.192173 -6.401663
-33.243264 -25.973985 -6.398472
-33.691962 -24.768484 -6.402040
-34.183442 -23.464616 -6.415114
-34.620482 -22.295698 -6.418927
-35.056629 -21.145477 -6.416454
-35.539322 -19.892805 -6.414804
-35.984997 -18.791922 -6.419747
-36.423931 -17.707976 -6.420311
-36.900901 -16.526712 -6.417381
-37.318702 -15.471879 -6.408714
-37.765198 -14.342670 -6.395683
-38.166362 -13.354531 -6.392921
-38.565002 -12.392568 -6.387795
-38.999276 -11.368248 -6.359612
-39.378289 -10.460300 -6.335397
-39.775704 -9.497561 -6.308985
-40.116894 -8.651755 -6.285885
-40.432944 -7.830663 -6.276272
-40.755103 -6.947790 -6.274992
-41.023618 -6.173156 -6.271971
-41.269460 -5.417717 -6.266357
-41.513564 -4.612561 -6.257538
-41.713452 -3.900819 -6.247819
-41.893486 -3.138024 -6.244082
-42.024322 -2.462306 -6.233249
-42.136698 -1.745284 -6.217777
-42.212850 -1.116692 -6.196735
-42.262534 -0.510926 -6.171406
-42.278682 0.134496 -6.142689
-42.267220 0.716985 -6.116917
-42.227464 1.344788 -6.082355
-42.166166 1.905537 -6.043216
-42.075443 2.451791 -6.003452
-41.950685 3.042651 -5.967822
-41.801712 3.554841 -5.925707
-41.605783 4.100674 -5.886048
-41.400797 4.583791 -5.864838
-41.155484 5.096490 -5.847838
-40.905833 5.529895 -5.818204
-40.636703 5.955652 -5.804317
-40.312234 6.401483 -5.790293
-39.995172 6.788198 -5.767953
-39.624331 7.198635 -5.758826
-39.266817 7.554530 -5.745442
-38.889944 7.894087 -5.734118
-38.446702 8.241060 -5.718323
-38.023454 8.534822 -5.697935
-37.577811 8.810987 -5.680141
-37.069734 9.091117 -5.654153
-36.583059 9.320212 -5.637152
-36.029777 9.553454 -5.625415
-35.505935 9.743174 -5.626710
-34.968102 9.905131 -5.621778
-34.358428 10.050134 -5.605769
-33.789355 10.152814 -5.584053
-33.207168 10.230305 -5.558888
-32.552165 10.285505 -5.529725
-31.946969 10.307954 -5.500914
-31.268961 10.298603 -5.470561
-30.643429 10.263531 -5.438239
-30.006457 10.195838 -5.399372
-29.301688 10.095791 -5.350098
-28.652827 9.980538 -5.292325
-27.999861 9.852240 -5.240473
-27.274538 9.685773 -5.166022
-26.612740 9.510362 -5.092746
-25.945085 9.321390 -5.020431
-25.203311 9.099897 -4.944592
-24.523763 8.891676 -4.878106
-23.768187 8.649854 -4.806006
-23.075069 8.427409 -4.740588
-22.375879 8.195962 -4.665787
-21.597297 7.942192 -4.596753
-20.881500 7.702004 -4.536158
-20.158565 7.453710 -4.477119
-19.355373 7.173404 -4.400746
-18.614536 6.920646 -4.334749
-17.865130 6.663583 -4.273574
-17.031921 6.371787 -4.206875
-16.265346 6.104943 -4.146891
-15.413053 5.806341 -4.078911
-14.633468 5.533832 -4.020269
-13.851914 5.251876 -3.948352
-12.998073 4.944511 -3.872728
-12.229917 4.659434 -3.798538
-11.467871 4.380961 -3.732908
-10.636914 4.075592 -3.658093
-9.888985 3.802593 -3.595423
-9.074804 3.502514 -3.529397
-8.340031 3.237566 -3.482552
-7.614816 2.973582 -3.440360
-6.823967 2.693758 -3.402563
-6.109814 2.454366 -3.372106
-5.400024 2.231324 -3.350163
-4.630763 1.980671 -3.313755
-3.936333 1.755809 -3.274036
-3.181950 1.514878 -3.228671
-2.502936 1.303133 -3.190172
-1.831748 1.098233 -3.166185
-1.096617 0.878594 -3.140871
-0.435518 0.676307 -3.109438
0.218372 0.476779 -3.071642
0.936850 0.268986 -3.036729
1.590541 0.090860 -3.027147
2.312339 -0.092450 -3.025713
2.972089 -0.255884 -3.009508
3.637625 -0.412432 -2.987109
4.374337 -0.583924 -2.954333
5.049424 -0.723740 -2.921131
5.726683 -0.860144 -2.894612
6.476697 -0.999058 -2.877385
7.160232 -1.125415 -2.859701
7.916609 -1.262131 -2.829291
8.609556 -1.381750 -2.799537