49.006719195871 8.4893558806503 122.40083312988
49.006710383428 8.4893553970503 122.36136627197
49.006700736777 8.4893542372441 122.31864929199
49.006692016127 8.4893525646059 122.28125
49.006682499969 8.4893501114508 122.24437713623
49.006673940492 8.4893472503698 122.21771240234
49.00666549792 8.4893438057123 122.19291687012
49.006656361333 8.4893393724794 122.1662902832
49.006648224389 8.4893347227706 122.14218902588
49.006640229171 8.4893295898482 122.12007141113
49.006631627081 8.4893233398179 122.100730896
49.006624004089 8.4893171486495 122.08423614502
49.006615873483 8.4893097289128 122.06671905518
49.006608716646 8.4893025021277 122.04853057861
49.006601825964 8.4892947640764 122.03193664551
49.006594535869 8.4892857566553 122.01335144043
49.006588194281 8.4892770937589 121.99913024902
49.006582139513 8.4892680371358 121.98389434814
49.006575784438 8.4892576787664 121.96789550781
49.006570339628 8.4892478634524 121.95190429688
49.006564706892 8.4892366797205 121.93762207031
49.006559927577 8.4892261680477 121.92668914795
49.006555464244 8.4892153322656 121.91485595703
49.006550921452 8.4892030379494 121.90345001221
49.006547119932 8.4891915507458 121.89929199219
49.006543662347 8.4891797817011 121.89741516113
49.006540177075 8.4891665608518 121.88961791992
49.006537313785 8.4891542615658 121.88511657715
49.006534449485 8.4891404449823 121.88320159912
49.006532136009 8.4891276736857 121.88018798828
49.006530073049 8.489114739622 121.8716583252
49.006528120277 8.489100325782 121.86463165283
49.006526623875 8.4890869912602 121.86181640625
49.006525375136 8.4890734506446 121.85961914062
49.006524295231 8.4890582976511 121.85695648193
49.006523568197 8.4890443163685 121.85166931152
49.006523110264 8.4890287204876 121.84436798096
49.006522947117 8.4890143620206 121.83806610107
49.006523033905 8.488999842541 121.83187103271
49.006523387996 8.488983707722 121.8268737793
49.00652393064 8.4889689099224 121.82265472412
49.006524640168 8.4889539880971 121.81704711914
49.006525597792 8.4889374854061 121.81179046631
49.006526598145 8.4889224143126 121.80576324463
49.006527720932 8.4889072756749 121.79810333252
49.006529125523 8.4888904562249 121.78507995605
49.006530541307 8.4888749472424 121.77209472656
49.006532259403 8.4888575830199 121.75959014893
49.006533935778 8.4888415196635 121.75020599365
49.006535718674 8.4888251906414 121.74160766602
49.006537790001 8.4888069391651 121.7328338623
49.006539756871 8.4887900791815 121.72415924072
49.00654181157 8.4887729421595 121.71904754639
49.006544157727 8.4887537929287 121.71640014648
49.006546364703 8.4887360980252 121.71371459961
49.006548623731 8.4887181548813 121.70749664307
49.006551179832 8.4886981157731 121.69751739502
49.006553564171 8.4886796405588 121.68844604492
49.0065562485 8.4886590072792 121.67848205566
49.006558727538 8.4886399942661 121.67127990723
49.006561237341 8.4886207273314 121.66551208496
49.006564025931 8.4885992272219 121.66081237793
49.00656657733 8.4885794035221 121.65840911865
49.006569147866 8.4885593068722 121.65364837646
49.006571986963 8.4885368770458 121.64694976807
49.006574591278 8.4885161861837 121.64398956299
49.006577475262 8.4884931404347 121.64159393311
49.006580122238 8.4884719450588 121.64202880859
49.006582791086 8.4884505589501 121.64197540283
49.006585723068 8.488426836089 121.63815307617
49.006588413958 8.4884051003579 121.63535308838
49.006591096722 8.4883831598999 121.63650512695
49.006594073237 8.4883587969496 121.63819885254
49.006596788047 8.4883364133694 121.63883209229
49.006599815273 8.4883115531423 121.63635253906
49.006602575728 8.4882887474093 121.63459777832
49.00660536586 8.4882657758459 121.63218688965
49.006608447143 8.4882402962528 121.63140106201
49.006611282809 8.4882169421718 121.63290405273
49.006614150025 8.48819341407 121.63543701172
49.006617343185 8.4881673094547 121.63926696777
49.006620298382 8.4881433862129 121.64144134521
49.006623289221 8.4881192561006 121.64179992676
49.006626635026 8.4880925094914 121.63996887207
49.006629708462 8.4880679954711 121.63861846924
49.006633167598 8.488040851558 121.63961029053
49.006636381897 8.488016023113 121.64450836182
49.006639684743 8.4879910950795 121.65092468262
49.006643427273 8.4879635619044 121.65731811523
49.006646935852 8.4879384156366 121.6639175415
49.006650543265 8.4879131652381 121.67364501953
49.006654622148 8.4878852302254 121.68844604492
49.006658419566 8.4878597177042 121.70259094238
49.006662697408 8.4878315244359 121.71614074707
49.006666702924 8.4878058066653 121.72859191895
49.006670818274 8.4877799989016 121.73979949951
49.006675492438 8.4877515241594 121.75144195557
49.006679845421 8.4877255310653 121.7628326416
49.006684337852 8.4876994599118 121.77765655518
49.006689406549 8.4876706936418 121.79369354248
49.006694125242 8.4876444707094 121.80725097656
49.006699440215 8.487615530028 121.82413482666
49.006704406235 8.4875891585582 121.84029388428
49.006709481326 8.4875627158584 121.85615539551
49.006715180166 8.4875335317703 121.87054443359
49.006720445746 8.4875069243007 121.8842010498
49.006725785355 8.4874802240697 121.89860534668
49.006731739249 8.4874507498223 121.91341400146
49.006737246954 8.4874238510134 121.9292755127
49.006743422951 8.4873941813676 121.94821929932
49.006749138105 8.4873671166485 121.96516418457
49.006754961361 8.487339992434 121.98290252686
49.006761489457 8.4873100712133 122.00433349609
49.006767535895 8.487282803139 122.02481079102
49.006773684121 8.4872554787581 122.04473114014
49.006780573729 8.4872253446796 122.06624603271
49.006786928774 8.4871978896631 122.08503723145
49.006793374941 8.4871703677118 122.10431671143
49.006800570034 8.4871400229271 122.12996673584
49.006807211881 8.4871123606458 122.15523529053
49.00681461129 8.4870818591795 122.18453979492
49.006821425625 8.4870540520998 122.21129608154
49.006828354981 8.4870261949527 122.23949432373
49.006836095625 8.4869954870467 122.26982116699
49.006843227835 8.4869675034611 122.29635620117
49.006850433881 8.4869394490694 122.32173156738
49.006858446062 8.4869085035837 122.3478012085
49.006865806229 8.4868803071212 122.37168884277
49.006873245565 8.48685203688 122.39849853516
49.006881539074 8.4868208717285 122.43449401855
49.006889166162 8.4867924798836 122.46839141846
49.006897670351 8.4867611816957 122.51045227051
49.006905507814 8.4867326725002 122.5505065918
49.006913432122 8.4867041191571 122.5884552002
49.006922254114 8.4866726758283 122.62906646729
49.006930371119 8.4866440632664 122.66557312012
49.006938566116 8.4866154406862 122.70392608643
49.006947687647 8.4865839696657 122.74987792969
49.00695606422 8.4865553561884 122.79354858398
49.006965415872 8.4865238701126 122.84215545654
49.006973984564 8.4864952302894 122.88413238525
49.006982623285 8.4864665811705 122.92454528809
49.006992182193 8.4864350607695 122.96896362305
49.007000941025 8.4864064044229 123.01294708252
49.007009752041 8.4863777496029 123.05841827393
49.007019512028 8.4863462350447 123.111328125
49.007028441552 8.4863175994222 123.16194152832
49.007037433267 8.4862889887329 123.21535491943
49.00704741357 8.4862575545311 123.27726745605
49.007056541888 8.4862289922973 123.33047485352
49.007066640245 8.4861976066804 123.38314056396
49.00707587899 8.4861691010159 123.42971801758
49.007085182471 8.4861406245802 123.47894287109
49.007095484763 8.4861093340206 123.53338623047
49.007104918286 8.4860809546302 123.58265686035
49.007114415599 8.4860526433479 123.63245391846
49.007124931629 8.486021587317 123.68709564209
49.007134556522 8.485993423823 123.7361907959
49.00714427333 8.4859653409962 123.78604888916
49.007155050657 8.4859345225416 123.84264373779
49.007164929935 8.4859065491412 123.89324951172
49.007175866206 8.4858757851137 123.94648742676
49.007185896948 8.4858478202699 123.9956741333
49.007195991663 8.4858199117635 124.04316711426
49.007207223969 8.4857892391742 124.09736633301
49.007217500327 8.4857613890335 124.14864349365
49.007227871117 8.4857335425078 124.20174407959
49.007239391826 8.4857029116204 124.25859069824
49.00724998502 8.4856750045201 124.31020355225
49.007261769924 8.4856442533057 124.36791229248
49.007272583089 8.4856162154782 124.41825866699
49.007283496255 8.4855881267293 124.4695892334
49.007295631433 8.48555715984 124.52834320068
49.007306756014 8.4855289270108 124.58467102051
49.007317991523 8.4855006418429 124.64260864258
49.007330486878 8.4854694335428 124.7091293335
49.007341964037 8.4854410098233 124.76930999756
49.007353547867 8.4854125049127 124.82711029053
49.007366366852 8.4853810469013 124.88815307617
49.007378130825 8.4853523687766 124.94369506836
49.007391184816 8.4853207186921 125.00415802002
49.00740315554 8.4852918700412 125.05738067627
49.007415214588 8.4852629462881 125.11035919189
49.007428582623 8.4852310459627 125.16930389404
49.007440842725 8.485201969711 125.22939300537
49.007453192301 8.4851728087926 125.29029083252
49.007466930855 8.4851406817893 125.35480499268
49.007479580112 8.4851114693138 125.41012573242
49.007492405307 8.4850822659186 125.46411132812
49.007506670434 8.4850501486986 125.52111816406
49.007519806478 8.4850209428949 125.57507324219
49.007534393952 8.4849888299531 125.63756561279
49.007547752363 8.4849596816848 125.69704437256
49.00756121642 8.4849305959007 125.75424194336
49.007576130204 8.4848986807563 125.81407165527
49.007589777825 8.4848697250257 125.86940002441
49.007603527857 8.4848408480399 125.92420959473
49.007618789197 8.4848091661642 125.9808883667
49.007632758264 8.4847804384414 126.02819061279
49.007646833294 8.4847517848238 126.0739364624
49.007662436915 8.484720338159 126.12231445312
49.00767670574 8.4846917958018 126.16319274902
49.007692463094 8.48466043899 126.20751190186
49.007706859947 8.4846319767885 126.2506942749
49.007721338 8.4846035781642 126.3002166748
49.007737359456 8.4845724622386 126.35252380371
49.007751988293 8.4845442454822 126.39699554443
49.007766707249 8.484516133677 126.44429779053
49.007782975009 8.48448526628 126.498046875
49.00779782997 8.4844572974723 126.53517913818
49.007812732008 8.4844293959196 126.56857299805
49.007829205195 8.4843988516641 126.60793304443
49.007844246542 8.4843711737068 126.64643859863
49.007860863428 8.484340853438 126.69061279297
49.007876018597 8.4843133854346 126.72899627686
49.007891193835 8.4842859895669 126.7657699585
49.007907908412 8.4842559881913 126.81356048584
49.007923194573 8.4842288719598 126.88237762451
49.007938595397 8.4842019231547 126.96077728271
49.007955556115 8.4841722203403 127.03107452393
49.007970964654 8.4841452327503 127.06343078613
49.007987941804 8.4841156121413 127.07897949219
49.008003423703 8.4840888289172 127.09303283691
49.008018984265 8.484062183786 127.11261749268
49.008036151195 8.4840330172334 127.13954925537
49.008051828285 8.4840066092527 127.17116546631
49.008067546194 8.4839802583569 127.20735931396
49.008084855707 8.4839513377038 127.24464416504
49.008100669055 8.483925170027 127.27618408203
49.008116568332 8.4838991492069 127.30841827393
49.008134107376 8.4838705823521 127.34129333496
49.008150081654 8.4838446863038 127.37172698975
49.008167681335 8.4838162228458 127.40512084961
49.00818368471 8.4837903789998 127.43106842041
49.008199727028 8.4837645743095 127.45011138916
49.008217382932 8.4837362660224 127.46578216553
49.008233446419 8.4837105576622 127.47981262207
49.008249538405 8.4836849081873 127.50284576416
49.008267248862 8.4836567346959 127.53720092773
49.008283378107 8.4836311680733 127.5661315918
49.00829952447 8.4836056650817 127.590965271
49.008317297888 8.4835776395106 127.62271881104
49.00833348669 8.4835522191771 127.65214538574
49.008351275874 8.4835243236472 127.68173217773
49.008367410531 8.483499092809 127.71031951904
49.008383564601 8.4834737832246 127.71488189697
49.008401251098 8.4834458873906 127.70471954346
49.008417281514 8.4834204204948 127.70371246338
49.008433327178 8.4833948662161 127.71918487549
49.008450928482 8.4833667041695 127.73107910156
49.00846688212 8.4833410756634 127.73819732666
49.008482760236 8.4833154100508 127.74094390869
49.008500158852 8.4832870918212 127.7477722168
49.008515891989 8.4832612358828 127.75997161865
49.008533137043 8.4832326866076 127.77612304688
49.008548766442 8.4832067017775 127.78607940674
49.008564386476 8.4831807161933 127.80191040039
49.008581573606 8.4831521552525 127.82411193848
49.008597181653 8.483126180075 127.84081268311
49.008612755045 8.4831001727754 127.85091400146
49.0086298293 8.4830715193559 127.85699462891
49.008645332214 8.4830454476922 127.86557006836
49.008660817285 8.4830193618458 127.88150787354
49.008677841474 8.48299063641 127.90384674072
49.008693301125 8.4829644971378 127.92277526855
49.008710264542 8.4829357117864 127.93821716309
49.008725652948 8.4829095075193 127.9506072998
49.008741023755 8.4828832713345 127.96225738525
49.008757908875 8.4828543878417 127.97216796875
49.008773240054 8.4828281148578 127.97834014893
49.008788562665 8.4828018244276 127.98775482178
49.008805427691 8.4827728919998 128.0030670166
49.008820740088 8.4827465658545 128.01525878906
49.008836040268 8.4827202453533 128.02713012695
49.008852843877 8.4826912721019 128.0426940918
49.008868130683 8.4826649363681 128.05540466309
49.008884954082 8.4826359764753 128.07171630859
49.00890026941 8.4826096415113 128.09129333496
49.008915578498 8.4825833085069 128.10290527344
49.008932423686 8.4825543569661 128.11219787598
49.00894772963 8.4825280496445 128.1170501709
49.008963041573 8.4825017546163 128.12237548828
49.008979895348 8.4824728297653 128.1315612793
49.008995211527 8.4824465294066 128.13973999023
49.009012054764 8.4824175862231 128.14825439453
49.009027358226 8.4823912750535 128.15455627441
49.009042667318 8.4823649539732 128.16261291504
49.009059507654 8.4823360025427 128.16790771484
49.009074812942 8.4823096749128 128.17059326172
49.009090106731 8.4822833446858 128.1689453125
49.009106930272 8.4822543765656 128.16816711426
49.00912222203 8.4822280317226 128.16706848145
49.009137503762 8.4822016743862 128.16456604004
49.00915431077 8.482172672404 128.16023254395
49.00916958913 8.4821462974034 128.15814208984
49.009184878315 8.4821199220736 128.1572265625
49.009201699335 8.4820909080663 128.1522064209
49.009216989088 8.4820645272242 128.14346313477
49.009233811358 8.4820355209176 128.13024902344
49.00924911436 8.4820091630555 128.12289428711
49.009264422577 8.4819828016411 128.12283325195
49.009281274158 8.4819538011683 128.12498474121
49.009296598872 8.4819274447673 128.11962890625
49.009311921941 8.4819010965014 128.10888671875
49.009328782463 8.4818721043 128.09710693359
49.009344117317 8.4818457442297 128.08932495117
49.009360990719 8.4818167405744 128.08245849609
49.009376332821 8.4817903676201 128.07627868652
49.009391670221 8.4817639878016 128.06639099121
49.009408530891 8.4817349664858 128.05226135254
49.009423867501 8.4817085847609 128.03915405273
49.009439195638 8.4816821956631 128.02526855469
49.009456043072 8.4816531612035 128.00567626953
49.009471343912 8.4816267516839 127.98754882812
49.009488154638 8.4815977176286 127.96559906006
49.009503427915 8.4815713498428 127.9495010376
49.009518690582 8.4815449900737 127.93560028076
49.009535460673 8.4815159747257 127.92158508301
49.009550679842 8.4814895779766 127.90783691406
49.009567406436 8.4814605503289 127.89051055908
49.009582574018 8.4814341577816 127.8768081665
49.009597730396 8.4814077526467 127.86364746094
49.009612866103 8.4813813327128 127.84979248047
49.009629496263 8.4813522423338 127.83100128174
49.009644609085 8.4813257748197 127.81436157227
49.009661217879 8.4812966338468 127.79434967041
49.009676314752 8.4812701398262 127.77730560303
49.009691423026 8.4812436436999 127.76207733154
49.009708048674 8.4812145049855 127.74346160889
49.009723164527 8.4811880047208 127.72229766846
49.00973828997 8.4811615024633 127.70037841797
49.00975493048 8.4811323646163 127.67887878418
49.009770056314 8.4811058877798 127.66339111328
49.00978669634 8.4810767365667 127.65177154541
49.009801814449 8.4810502270513 127.64246368408
49.009816930828 8.4810236990815 127.62856292725
49.009833560392 8.4809945128198 127.60946655273
49.009848679722 8.4809679745768 127.59030914307
49.009863795988 8.4809414282497 127.57153320312
49.009880422218 8.4809122227351 127.55333709717
49.00989553116 8.4808856667257 127.53718566895
49.009910618136 8.4808591198066 127.51894378662
49.009927218284 8.4808299278307 127.49897003174
49.009942293877 8.4808033978865 127.47899627686
49.009958869915 8.4807741954508 127.46147155762
49.009973937445 8.4807476507919 127.44615936279
49.009988995929 8.4807211115401 127.42736053467
49.01000553845 8.4806919135658 127.405128479
49.010020558684 8.4806653615225 127.38841247559
49.010035559322 8.4806387943927 127.37509918213
49.010052045722 8.4806095699289 127.36045837402
49.010067028938 8.4805830040321 127.34384155273
49.010083485271 8.4805537599388 127.32273101807
49.010098443185 8.4805271624166 127.30298614502
49.010113384332 8.4805005504193 127.28247833252
49.010129813103 8.4804712686218 127.26063537598
49.010144750923 8.48044463383 127.2423324585
49.01015968386 8.4804179885454 127.22627258301
49.01017609389 8.4803886607559 127.20886993408
49.010191014119 8.4803619854473 127.19278717041
49.01020593577 8.4803352972588 127.17761230469
49.010222360736 8.4803059455359 127.15991973877
49.010237306352 8.4802792736826 127.14459991455
49.010253767135 8.4802499357017 127.12997436523
49.01026874073 8.4802232754371 127.11592102051
49.01028372175 8.4801966286963 127.09925842285
49.010300207656 8.4801673123812 127.07946014404
49.010315190408 8.4801406776294 127.06089782715
49.010330190352 8.4801140563225 127.04434967041
49.010346701245 8.4800847752506 127.02922058105
49.010361705842 8.480058138516 127.01663970947
49.010378207142 8.4800288209569 127.00433349609
49.010393186233 8.4800021557233 126.99141693115
49.010408164165 8.4799755061345 126.97500610352
49.01042463025 8.4799461762052 126.95716094971
49.010439582973 8.4799195118011 126.94403839111
49.010454542989 8.479892837636 126.93257904053
49.010470989429 8.4798634868378 126.92179870605
49.010485934132 8.4798367973186 126.9075088501
49.01050083353 8.4798100928391 126.88822174072
49.01051717777 8.479780724231 126.86156463623
49.010532013005 8.4797540270387 126.8370513916
49.010548304732 8.4797246887457 126.81198883057
49.010563100808 8.4796979799723 126.78774261475
49.01057788608 8.4796712412829 126.76332855225
49.010594128956 8.4796418096358 126.73764801025
49.010608895791 8.4796149931473 126.72320556641
49.010623628615 8.4795881570807 126.69239044189
49.010639812822 8.4795586405123 126.66709136963
49.010654525032 8.4795318413517 126.64739227295
49.010669238019 8.4795050001843 126.63409423828
49.010685413621 8.4794754712348 126.62347412109
49.010700103956 8.4794485775313 126.61721038818
49.010716251109 8.4794190067868 126.60726928711
49.010730925534 8.4793921094971 126.59480285645
49.010745607803 8.4793652207543 126.58386230469
49.010761785206 8.4793356452274 126.58525085449
49.010776490201 8.4793087651758 126.57885742188
49.010791180123 8.4792818784434 126.5662689209
49.010807326317 8.4792522750837 126.55252838135
49.010821981167 8.47922532962 126.55070495605
49.010838096307 8.4791956551885 126.55422210693
49.010852737209 8.4791686642013 126.56713867188
49.010867357253 8.4791416323083 126.57898712158
49.010883421482 8.4791118762059 126.58502197266
49.010898005443 8.4790847941908 126.58626556396
49.010912578196 8.4790576831223 126.58875274658
49.010928587807 8.4790278421445 126.5955657959
49.01094312128 8.4790006892825 126.59867095947
49.010957645663 8.4789735207806 126.60237121582
49.010973597952 8.4789436116582 126.6068572998
49.010988086737 8.4789164163869 126.61318206787
49.011004010793 8.4788864776154 126.61776733398
49.011018465917 8.4788592665505 126.61978912354
49.011032911608 8.4788320687107 126.61903381348
49.011048800932 8.4788021781409 126.62016296387
49.011063251288 8.4787750326671 126.62392425537
49.011077699717 8.4787479157348 126.62825775146
49.011093600899 8.4787181297029 126.63488006592
49.011108065096 8.4786910850741 126.64059448242
49.011122525035 8.4786640792482 126.64436340332
49.011138424692 8.4786344023766 126.64479064941
49.011152873304 8.4786074520299 126.64446258545
49.011168759615 8.4785778255755 126.64974212646
49.011183202227 8.4785508925581 126.66090393066
49.011197646145 8.4785239593202 126.67425537109
49.011213526086 8.4784943187527 126.68678283691
49.011227955613 8.4784673644903 126.69542694092
49.0112423808 8.4784403896122 126.70222473145
49.011258236141 8.4784106861803 126.70959472656
49.011272630195 8.4783836503833 126.71434783936
49.011287004053 8.4783565749499 126.71817016602
49.011302792736 8.4783267440075 126.72256469727
49.011317131694 8.4782995782607 126.7254486084
49.011332877928 8.4782696423595 126.72665405273
49.011347175729 8.4782423656246 126.72485351562
49.011361450646 8.4782150578823 126.72034454346
49.011377151258 8.4781849678896 126.71634674072
49.011391418524 8.4781575858075 126.71337127686
49.011405681276 8.4781301618569 126.70938110352
49.011421370923 8.4780999524451 126.70426940918
49.011435636095 8.4780724616535 126.69998931885
49.011451332267 8.4780421926241 126.6887588501
49.011465612803 8.4780146717002 126.67627716064
49.011479911967 8.4779871332519 126.66572570801
49.011495644763 8.4779568389532 126.65805053711
49.011509947197 8.4779292464305 126.65008544922
49.01152424927 8.4779016566126 126.64012908936
49.011539986048 8.4778712838207 126.63213348389
49.011554293696 8.4778436543673 126.62700653076
49.011568614144 8.4778160206011 126.62190246582
49.011584352865 8.4777856056516 126.61209869385
49.01159864999 8.477757963519 126.59935760498
49.011614345476 8.4777275659348 126.58213043213
49.011628602827 8.4776999670208 126.56625366211
49.01164285475 8.4776723855325 126.55290985107
49.011658490269 8.4776420469418 126.53968048096
49.01167267919 8.4776144345637 126.52806091309
49.011686814064 8.4775868208274 126.51519012451
49.011702302933 8.4775564467527 126.49896240234
49.011716319861 8.4775288393049 126.4818649292
49.011731689516 8.4774984707263 126.45973968506
49.011745606296 8.4774708877296 126.43979644775
49.011759472658 8.4774433104878 126.42030334473
49.011774677619 8.4774129986382 126.39859008789
49.011788463235 8.4773854585376 126.3787689209
49.011802203656 8.4773579213039 126.35939788818
49.011817281011 8.477327637066 126.33850097656
49.011830951899 8.4773001187137 126.31476593018
49.011844593429 8.4772725979918 126.28824615479
49.0118595575 8.4772423047067 126.25604248047
49.011873129844 8.4772147811464 126.22708892822
49.011888034772 8.4771845205927 126.19762420654
49.011901558656 8.4771570312876 126.17037963867
49.011915073262 8.4771295535748 126.14405822754
49.011929920907 8.4770993405478 126.11673736572
49.01194344767 8.4770718225156 126.09672546387
49.011956898237 8.4770442496554 126.07445526123
49.011971655344 8.4770139442786 126.03129577637
49.011985040287 8.4769863983867 125.99266052246
49.011998421262 8.4769589043892 125.97647857666
49.012013165798 8.4769286128744 125.96729278564
49.012026554245 8.4769010751116 125.94504547119
49.012039950759 8.4768735594425 125.9077835083
49.012054675052 8.4768432934423 125.86054229736
49.012068075819 8.4768157865199 125.81916046143
49.012082805718 8.4767854816453 125.77634429932
49.012096192585 8.4767579215905 125.73468780518
49.012109555101 8.4767303240787 125.69091033936
49.012124259684 8.4766999744176 125.64055633545
49.012137621142 8.4766723504093 125.59815979004
49.012150982997 8.4766446750781 125.55878448486
49.012165662646 8.4766141897716 125.51419830322
49.012178973683 8.4765864574042 125.47065734863
49.012193597934 8.4765559051284 125.42509460449
49.012206878306 8.4765280915382 125.38514709473
49.012220148667 8.476500273277 125.34652709961
49.012234735612 8.4764696425407 125.3024520874
49.012247981627 8.4764417660643 125.2573928833
49.012261213401 8.4764138747987 125.20231628418
49.012275735155 8.4763831980964 125.13143920898
49.012288940968 8.4763553087515 125.06898498535
49.012302159576 8.47632742232 125.01309967041
49.012316697223 8.4762967369807 124.95626068115
49.012329903045 8.4762688215187 124.90348052979
49.012344409279 8.4762380975952 124.8440246582
49.012357596251 8.4762101609193 124.78768157959
49.012370804419 8.4761822336169 124.7350769043
49.012385358547 8.4761515135098 124.68147277832
49.012398601989 8.4761235865067 124.63009643555
49.012411841341 8.4760956479949 124.57698822021
49.012426389733 8.4760648999766 124.52151489258
49.012439601394 8.476036943864 124.47113037109
49.012454113729 8.4760061949071 124.41490936279
49.012467287999 8.4759782464791 124.36491394043
49.012480444734 8.4759503044051 124.31903076172
49.012494889571 8.4759195722127 124.27112579346
49.012507999885 8.4758916378301 124.22669219971
49.012521087805 8.4758637075356 124.1773223877
49.012535451655 8.4758329955108 124.11738586426
49.012548486832 8.4758051018683 124.06093597412
49.012561500353 8.4757772281135 124.00824737549
49.01257581053 8.4757465892324 123.95449829102
49.012588814918 8.4757187742167 123.9052734375
49.012603095243 8.4756882062038 123.85148620605
49.012616056776 8.4756604479197 123.80625915527
49.012628993537 8.4756327176995 123.76238250732
49.012643197841 8.4756022668192 123.71282196045
49.012656083854 8.4755746179145 123.66807556152
49.012668940633 8.4755469715363 123.62140655518
49.012683031171 8.4755165682063 123.56548309326
49.01269578768 8.4754889209453 123.51403045654
49.0127085102 8.4754612862981 123.46089172363
49.012722490125 8.4754308988834 123.40646362305
49.012735191426 8.4754032822058 123.36231994629
49.01274915692 8.4753729040491 123.31667327881
49.01276182057 8.4753452916506 123.27079772949
49.01277445006 8.4753176736009 123.22229766846
49.012788299811 8.4752872901094 123.16761016846
49.012800834952 8.475259646682 123.12258148193
49.012813356583 8.4752319897273 123.08276367188
49.012827141452 8.4752015424661 123.04077148438
49.012839660941 8.4751738667291 122.9948425293
49.012853379998 8.4751433873516 122.93231964111
49.012865790685 8.475115666775 122.87185668945
49.012878181058 8.4750879354496 122.8122177124
49.012891821376 8.4750574441195 122.75218200684
49.012904213202 8.4750297272788 122.70056152344
49.012916597478 8.4750020216577 122.65293884277
49.012930224359 8.4749715598702 122.60382843018
49.012942621948 8.4749438711164 122.56130981445
49.012955030186 8.4749161844912 122.52052307129
49.012968649067 8.4748856990557 122.4708404541
49.012981006936 8.4748579891709 122.41954803467
49.012993356406 8.4748302842283 122.36866760254
49.013006945195 8.4747998155847 122.32057189941
49.013019278528 8.474772100252 122.28468322754
49.013032818113 8.4747415574228 122.2481918335
49.013045074289 8.4747137785315 122.20569610596
49.013057303128 8.4746859390397 122.16626739502
49.01307076135 8.4746552840566 122.11088562012
49.013082996969 8.4746274308675 122.05135345459
49.013095226747 8.4745996001811 121.98944854736
49.013108627562 8.4745689706937 121.92887878418
49.013120781061 8.4745410828421 121.88381195068
49.013134132669 8.4745103884582 121.83369445801
49.013146268872 8.474482459583 121.78480529785
49.01315835673 8.4744545269145 121.73678588867
49.013171638926 8.4744237585872 121.68170928955
49.013183672301 8.4743957922496 121.62936401367
49.013195714123 8.4743677593081 121.57666778564
49.013208963638 8.4743368567519 121.52128601074
49.013221027611 8.4743087293852 121.46875
49.013233076289 8.4742805733832 121.41551971436
49.013246297203 8.4742495923275 121.35639953613
49.013258308178 8.4742213898332 121.30568695068
49.013271510832 8.4741902833483 121.25399017334
49.013283503455 8.4741619709376 121.20983123779
49.013295494472 8.4741336108546 121.16820526123
49.013308662532 8.4741023896805 121.12352752686
49.013320635875 8.4740739462291 121.08232879639
49.01333260475 8.4740454602992 121.03726959229
49.013345751771 8.4740140945343 120.9874420166
49.013357696112 8.4739855507036 120.94016265869
49.013370822184 8.4739541214912 120.88836669922
49.013382763983 8.4739255335811 120.84251403809
49.013394717577 8.4738969331757 120.79399871826
49.013407864869 8.4738654421281 120.73712158203
49.013419836345 8.4738367793666 120.68907165527
49.013431781476 8.4738081070343 120.63813781738
49.013444968609 8.4737765555931 120.58100128174
49.013456947886 8.4737478243292 120.53448486328
49.013468970511 8.4737190743082 120.48784637451
49.013482208286 8.4736874115445 120.43109130859
49.013494271772 8.4736586155414 120.37706756592
49.013507540785 8.4736268970531 120.32369995117
49.01351961279 8.4735979975961 120.28253936768
49.013531702874 8.4735690373506 120.24081420898
49.013545033472 8.4735371320081 120.18682861328
49.013557152011 8.4735080888503 120.12879180908
49.013569277986 8.4734790141208 120.06743621826
49.013582638828 8.4734469466671 119.99851226807
49.0135947911 8.473417768288 119.93978881836
49.013606972735 8.473388529329 119.88442993164
49.013620387353 8.4733563087758 119.82501983643
49.013632579524 8.4733269662796 119.77046203613
49.013645985103 8.4732946554634 119.71319580078
49.013658158656 8.4732652268497 119.66505432129
49.013670313712 8.4732357566049 119.618019104
49.01368368688 8.4732033068664 119.56608581543
49.013695839471 8.4731737502915 119.51759338379
49.013707971177 8.4731441691169 119.46883392334
49.013721308667 8.4731115794138 119.41199493408
49.013733444396 8.4730819153352 119.36377716064
49.013745589844 8.4730522144517 119.31340789795
49.013758959359 8.4730194769921 119.26105499268
49.013771069793 8.4729896400415 119.21546936035
49.013784357884 8.4729567664748 119.17028808594
49.013796430532 8.4729268039204 119.13195800781
49.013808462697 8.4728968020503 119.09436035156
49.013821693381 8.4728637225208 119.05030059814
49.01383369639 8.4728335776337 119.00507354736
49.013845698477 8.4728033916438 118.96057128906
49.013858885197 8.4727701194538 118.9172668457
49.013870886525 8.4727398278658 118.88227081299
49.013882884179 8.4727094825783 118.85029602051
49.013896082864 8.472676051312 118.81480407715
49.013908084842 8.4726456006852 118.78179168701
49.013920081126 8.4726150953974 118.74674987793
49.013933276912 8.4725814774639 118.70455169678
49.013945281063 8.4725508657369 118.66394042969
49.013958491794 8.4725171320509 118.61621856689
49.01397050299 8.4724864213708 118.56835174561
49.013982502946 8.4724556642846 118.51977539062
49.013995693941 8.4724217752647 118.47358703613
49.014007681174 8.4723909172213 118.44466400146
49.01401967072 8.4723599928636 118.43332672119
49.014032862606 8.4723259089728 118.42475128174
49.014044847199 8.4722948844459 118.4084854126
49.014058020276 8.4722606976073 118.38642883301
49.014069990126 8.4722295960151 118.36210632324
49.01408195784 8.4721984722696 118.3357925415
49.014095118777 8.4721642130338 118.30572509766
49.014107071406 8.4721330502746 118.27851867676
49.014119011198 8.4721018715617 118.25356292725
49.014132135089 8.4720675645861 118.22975158691
49.014144048442 8.4720363675397 118.21263122559
49.014155956324 8.4720051525473 118.19901275635
49.014169035551 8.4719708022412 118.18124389648
49.014180906472 8.4719395614552 118.16358184814
49.01419395058 8.4719051944399 118.1457901001
49.014205798098 8.4718739567722 118.12902069092
49.014217630106 8.4718427197769 118.1143951416
49.01423062661 8.4718083357128 118.10302734375
49.014242427147 8.4717770676024 118.09706878662
49.014254209281 8.4717457867265 118.09349822998
49.014267159267 8.4717113756568 118.08905792236
49.014278918073 8.4716800956554 118.07901763916
49.014290629054 8.4716487645379 118.05332183838
49.014303457749 8.47161432712 118.03437805176
49.014315211061 8.4715829122255 118.00481414795
49.014328020927 8.4715483780608 118.00064086914
49.01433971522 8.4715170230377 118.00688171387
49.014351392163 8.4714856621701 118.0179901123
49.01436422008 8.4714511548605 118.03735351562
49.014375854615 8.4714198064452 118.05321502686
49.014387471887 8.4713884473687 118.06672668457
49.014400246794 8.4713539329992 118.07350158691
49.014411858586 8.4713225345337 118.08344268799
49.014423463985 8.4712911328025 118.09254455566
49.014436219716 8.4712565938653 118.10669708252
49.014447793288 8.4712252096932 118.12330627441
49.014459347923 8.4711938342757 118.1407623291
49.014472048009 8.471159334523 118.15824890137
49.014483563713 8.4711280064981 118.17068481445
49.014496183713 8.4710935776527 118.18379211426
49.014507638377 8.471062306379 118.19607543945
49.014519082466 8.4710310456189 118.20941162109
49.014531633936 8.4709966974301 118.22387695312
49.014543017952 8.4709654946226 118.23522949219
49.01455437799 8.4709343048088 118.24714660645
49.014566853489 8.4708999942566 118.26223754883
49.014578181636 8.4708687888371 118.27877807617
49.014589484481 8.4708375754176 118.29758453369
49.014601887986 8.4708032203925 118.32259368896
49.014613142402 8.4707719815335 118.3480758667
49.014625506521 8.4707375993679 118.38068389893
49.014636724736 8.4707063275751 118.4111328125
49.014647926848 8.4706750445243 118.44329833984
49.014660221454 8.4706406497421 118.47619628906
49.014671373721 8.4706093686526 118.50785827637
49.014682516792 8.4705781087106 118.53712463379
49.014694739458 8.4705437432071 118.56900024414
49.014705818961 8.4705125224144 118.60067749023
49.014717979712 8.4704782096866 118.63574981689
49.014728997004 8.470447050968 118.66857147217
49.014739980627 8.4704159226153 118.70299530029
49.014752032866 8.4703817136777 118.74249267578
49.014762965769 8.4703506210372 118.78224182129
49.014773885358 8.4703195114343 118.82545471191
49.014785847843 8.4702852820393 118.87033081055
49.014796726162 8.4702541677905 118.90975952148
49.014808657847 8.4702199108678 118.952293396
49.014819511284 8.470188771926 118.99144744873
49.014830339156 8.470157637922 119.03507995605
49.014842237956 8.4701233849369 119.09046173096
49.014853032556 8.4700922559871 119.1438293457
49.014863808406 8.4700611239842 119.19774627686
49.014875643593 8.4700269002314 119.25126647949
49.014886373493 8.4699958140833 119.29899597168
49.014897099229 8.4699647421985 119.34729766846
49.01490884712 8.4699305795004 119.40083312988
49.014919494473 8.4698995474306 119.45039367676
49.014931165268 8.4698654159891 119.50688934326
49.014941748697 8.4698344242869 119.55711364746
49.01495230854 8.4698034655339 119.60681152344
49.014963896133 8.469769463148 119.66211700439
49.014974401936 8.4697386263228 119.7103729248
49.014984882045 8.4697077960433 119.76677703857
49.01499638827 8.4696739056691 119.83488464355
49.015006819125 8.4696431152303 119.89335632324
49.015017225092 8.469612383167 119.95520782471
49.015028628271 8.469578628868 120.02540588379
49.015038956646 8.469547985653 120.0901184082
49.015050269387 8.4695143464561 120.15006256104
49.01506052651 8.4694838290287 120.20088195801
49.015070757082 8.4694533531765 120.24409484863
49.015081992414 8.4694198872631 120.28997039795
49.015092175771 8.4693895341769 120.33359527588
49.01510233178 8.4693592449929 120.37456512451
49.01511348011 8.4693259967098 120.41841125488
49.01512358886 8.4692958328359 120.45712280273
49.015134677802 8.4692627211441 120.49120330811
49.01514473677 8.4692326764811 120.52442169189
49.015154777155 8.4692026841126 120.56150817871
49.015165786149 8.4691697238709 120.60748291016
49.015175761423 8.4691398019328 120.6489944458
49.015185721318 8.469109900684 120.68721008301
49.015196639346 8.4690770759633 120.72254180908
49.015206538931 8.4690472559209 120.75826263428
49.015216415103 8.4690174663476 120.79454040527
49.015227242624 8.4689847264546 120.84023284912
49.015237056333 8.4689549947166 120.87931060791
49.015247835444 8.4689223358169 120.91202545166
49.015257603321 8.468892673993 120.94276428223
49.015267337891 8.4688630626791 120.97384643555
49.01527801144 8.468830547021 121.00829315186
49.015287693171 8.4688010277864 121.04360961914
49.015297333281 8.4687715374789 121.08690643311
49.015307914438 8.4687391302324 121.12940216064
49.015317501239 8.4687097075045 121.16342926025
49.015327055231 8.4686803315989 121.18849182129
49.015337525549 8.4686480882821 121.2141494751
49.015347014437 8.468618831545 121.24320220947
49.015356473595 8.4685896300112 121.27633666992
49.015366845546 8.4685575537537 121.31628417969
49.015376236274 8.468528443987 121.35182952881
49.015386519303 8.4684964745044 121.3881149292
49.015395849907 8.4684674773248 121.41843414307
49.01540516686 8.4684385332634 121.44625091553
49.015415419358 8.4684067766873 121.47257995605
49.015424740196 8.4683779749889 121.49501037598
49.015434061893 8.4683492297501 121.51812744141
49.015444318186 8.4683176642935 121.54550170898
49.015453643676 8.4682890117382 121.56887817383
49.015463913857 8.468257538675 121.59595489502
49.015473254598 8.4682289717477 121.61836242676
49.015482594495 8.4682004483763 121.63909912109
49.015492873716 8.4681691064382 121.66501617432
49.015502225711 8.4681406348573 121.6902923584
49.015511575595 8.4681122092825 121.71527862549
49.015521872234 8.4680809937642 121.74410247803
49.015531242523 8.4680526829295 121.76839447021
49.015540634855 8.4680244481741 121.79104614258
49.015551010042 8.4679934492382 121.81504058838
49.01556046989 8.4679653779436 121.83547973633
49.015570915821 8.4679345973381 121.85721588135
49.015580437476 8.4679067241482 121.87719726562
49.015589983155 8.4678789143344 121.89893341064
49.015600514525 8.4678484514929 121.92221832275
49.015610132835 8.4678208578566 121.94636535645
49.015619788835 8.4677933845545 121.96836853027
49.01563044664 8.4677632707292 121.98880767822
49.015640163871 8.4677359854262 122.00520324707
49.015650872283 8.4677060714777 122.02227020264
49.01566062143 8.4676789751851 122.03784942627
49.015670394652 8.4676519730517 122.05442810059
49.015681168054 8.4676223844724 122.07006835938
49.01569097282 8.467595584857 122.0856552124
49.015700774387 8.4675688618443 122.10200500488
49.015711523416 8.4675395504953 122.12113952637
49.015721292747 8.4675129727565 122.14178466797
49.015731038346 8.467486477749 122.1646270752
49.015741755502 8.4674574095066 122.19270324707
49.015751477398 8.4674310844534 122.21872711182
49.015762156353 8.4674021977239 122.24966430664
49.015771834048 8.4673760127097 122.27488708496
49.015781495504 8.4673499098035 122.29702758789
49.015792112092 8.4673212682463 122.32353973389
49.015801718356 8.4672952808744 122.34532165527
49.015811293061 8.4672693470596 122.36695098877
49.015821774301 8.4672408657172 122.38681793213
49.015831244164 8.4672150129695 122.39347839355
49.015840653955 8.4671892101231 122.39427185059
49.015850940491 8.4671608807821 122.39358520508
49.015860233168 8.4671351662517 122.3994140625
49.015870405267 8.4671068929881 122.421875
49.015879594217 8.4670811559395 122.44866943359
49.015888715884 8.4670554199 122.464012146
49.015898659233 8.4670270876111 122.47492218018
49.015907637963 8.4670013138807 122.4817199707
49.015916563621 8.4669755492823 122.48542785645
49.015926337889 8.4669472187909 122.49222564697
49.015935189804 8.4669214532665 122.50000762939
49.015944867014 8.4668931117463 122.5011138916
49.015953613903 8.4668673492301 122.50089263916
49.015962329653 8.4668416072981 122.50119018555
49.015971899111 8.4668133195462 122.50472259521
49.01598057996 8.4667876386905 122.50914001465
49.015989252037 8.4667619962176 122.51329803467
49.015998774293 8.4667338300167 122.51572418213
49.016007412821 8.4667082729229 122.51722717285
49.0160160296 8.4666827601195 122.51872253418
49.016025491517 8.4666547494214 122.52129364014
49.01603408235 8.4666293299526 122.52643585205
49.016043519403 8.4666014124308 122.53151702881
49.016052079236 8.4665760696797 122.5337677002
49.016060608684 8.4665507626854 122.53225708008
49.016069963093 8.4665229650056 122.53115844727
49.016078440694 8.4664977294629 122.52795410156
49.016086891607 8.4664725164678 122.52374267578
49.016096156246 8.4664448216081 122.5181427002
49.016104558854 8.4664196831397 122.51005554199
49.016112918699 8.4663945803327 122.50336456299
49.016122064685 8.4663669747075 122.5036315918
49.01613033225 8.4663418830411 122.50705718994
49.016139375833 8.4663142976869 122.50215911865
49.016147553371 8.4662892374588 122.49194335938
49.016155697838 8.4662642035334 122.48131561279
49.01616461214 8.4662367079188 122.46625518799
49.016172671771 8.4662117629274 122.45120239258
49.016180690623 8.4661868533269 122.43991851807
49.016189449429 8.466159532556 122.42678070068
49.016197380814 8.4661348206246 122.41241455078
49.016206038844 8.4661077442482 122.40157318115
49.016213859981 8.4660832446151 122.3929977417
49.016221629172 8.4660589073763 122.38609313965
49.016230113584 8.4660323114983 122.38049316406
49.016237776826 8.4660082691336 122.37213134766
49.016245410977 8.4659843030125 122.35842895508
49.016253773218 8.4659580341998 122.34124755859
49.01626125759 8.4659342068337 122.30664825439
49.016269445508 8.4659081466574 122.28185272217
49.016276931846 8.4658845481266 122.26908874512
49.016284412532 8.4658611067451 122.26313781738
49.016292514697 8.4658354022788 122.25315093994
49.016299901287 8.4658120782348 122.24074554443
49.016307309209 8.4657888683027 122.22463989258
49.016315465378 8.4657634748588 122.20223999023
49.016322860589 8.4657405861376 122.18199920654
49.016330988739 8.4657155408982 122.15243530273
49.016338314225 8.4656929924267 122.1360244751
49.016345634102 8.4656706179477 122.11547088623
49.01635363518 8.4656462335329 122.09375
49.01636087603 8.4656242616114 122.07611083984
49.016368084625 8.4656024883315 122.05876922607
49.016375977494 8.46557874806 122.03854370117
49.016383138161 8.4655573215166 122.01979827881
49.016390263553 8.46553607096 122.00159454346
49.016398076401 8.4655129006491 121.98240661621
49.016405146269 8.4654920706336 121.96474456787
49.016412897824 8.4654694190736 121.94511413574
49.016419898955 8.4654490780257 121.92749786377
49.016426855703 8.4654289713863 121.90966796875
49.016434481739 8.4654071050903 121.89028930664
49.01644141018 8.4653874885718 121.87273406982
49.016448345946 8.465368106135 121.85355377197
49.01645599798 8.4653470760674 121.8313293457
49.016462976961 8.4653282081724 121.81120300293
49.016470708896 8.465307782615 121.78871154785
49.016477812755 8.4652895058816 121.76963043213
49.016485026689 8.4652715178025 121.75190734863
49.016493100194 8.46525205684 121.73281860352
49.016500587479 8.4652346675703 121.71563720703
49.01650821492 8.4652175717004 121.69779205322
49.016516777865 8.4651990981577 121.67608642578
49.016524715215 8.46518259199 121.65566253662
49.016533617804 8.4651647485244 121.63256835938
49.0165418882 8.4651488345799 121.61103820801
49.016550337213 8.4651332148343 121.59185028076
49.016559858423 8.4651164118365 121.56647491455
49.016568703353 8.4651014362092 121.54109191895
49.016577750915 8.4650867832756 121.51467132568
49.01658791174 8.4650710159651 121.48458099365
49.01659738771 8.4650570565704 121.45700836182
49.01660802829 8.4650420993865 121.4296875
49.016617935295 8.4650289002074 121.40567779541
49.016628040998 8.4650160906666 121.37985229492
49.016639376251 8.4650024478084 121.34703063965
49.016649879454 8.4649905032067 121.31195068359
49.016660551938 8.4649789712569 121.27338409424
49.016672519363 8.4649668040147 121.23449707031
49.016683575782 8.4649561811354 121.20230102539
49.016695939491 8.4649450230258 121.16864013672
49.016707350402 8.4649353389033 121.13880157471
49.016718922687 8.4649261318378 121.10640716553
49.016731822756 8.4649165726052 121.06781768799
49.016743704834 8.4649084159824 121.03311157227
49.016755733386 8.4649007784796 121.00006103516
49.016769120516 8.4648929308023 120.965675354
49.016781408958 8.4648863493866 120.9330368042
49.016795041628 8.4648796842719 120.8939666748
49.016807531977 8.464874194534 120.85601806641
49.01682010986 8.4648692200732 120.81917572021
49.016834053569 8.464864376477 120.78057861328
49.016846793158 8.464860495055 120.74348449707
49.016859607845 8.4648571410892 120.70542144775
49.016873762381 8.4648540426592 120.66265106201
49.016886680675 8.4648517568775 120.62236785889
49.01689963531 8.4648500014367 120.58148193359
49.016913928314 8.4648486596869 120.5376663208
49.016926945372 8.4648479905212 120.49826812744
49.01694128349 8.4648478161687 120.45558166504
49.016954321424 8.4648481917675 120.41691589355
49.016967368157 8.4648490292381 120.37602996826
49.016981727561 8.4648505380789 120.32871246338
49.016994780786 8.464852403105 120.28569793701
49.017007816324 8.4648547755336 120.24322509766
49.017022135099 8.4648579670956 120.20127105713
49.017035126709 8.4648614030732 120.16622924805
49.017049363053 8.4648657847607 120.12788391113
49.01706225715 8.464870329126 120.09336090088
49.017075071262 8.4648754016492 120.05421447754
49.017089081005 8.464881567128 120.00738525391
49.017101713238 8.4648877592407 119.96640777588
49.017114253223 8.464894473175 119.92810821533
49.017127923954 8.4649024839791 119.88550567627
49.017140236116 8.4649102859151 119.845703125
49.017152286346 8.4649186596315 119.81213378906
49.017165449656 8.4649285132439 119.78378295898
49.017177194874 8.4649380901197 119.76001739502
49.017189870747 8.4649492435195 119.72211456299
49.017201284586 8.4649598496536 119.70821380615
49.017212492846 8.4649709163381 119.68611907959
49.017224569782 8.4649836431127 119.66189575195
49.017235305289 8.4649956926223 119.63480377197
49.017245808061 8.4650081712639 119.60452270508
49.017257071268 8.4650224451477 119.57161712646
49.017267050229 8.4650358420252 119.53894805908
49.017277716727 8.4650510992041 119.50442504883
49.017287146088 8.4650653915886 119.47138977051
49.017296298573 8.4650801096389 119.43660736084
49.017306049041 8.4650967543963 119.39405059814
49.017314603401 8.4651123253696 119.35655975342
49.017322870701 8.4651282950784 119.3189239502
49.017331644003 8.4651463002287 119.28032684326
49.017339307499 8.4651630626315 119.2453918457
49.017347414692 8.4651818947975 119.20638275146
49.017354461562 8.4651993774854 119.16836547852
49.017361222096 8.4652171692669 119.12844085693
49.01736829461 8.4652371281547 119.08522796631
49.017374422362 8.4652555741733 119.04569244385
49.017380250254 8.4652743277768 119.00576782227
49.017386331374 8.4652952677227 118.9610824585
49.017391562498 8.4653145746325 118.91959381104
49.01739651735 8.4653341364124 118.87953948975
49.017401658545 8.4653559310166 118.83187866211
49.017406016513 8.4653759783482 118.78556060791
49.017410492354 8.4653982896833 118.73570251465
49.017414264536 8.465418781303 118.69227600098
49.017417792533 8.4654394620786 118.64825439453
49.017421386993 8.4654624252965 118.59873199463
49.017424425215 8.4654834626122 118.55240631104
49.017427245972 8.4655046553103 118.50590515137
49.017430131012 8.4655281252032 118.45541381836
49.017432557886 8.4655496158901 118.41268920898
49.017434817267 8.4655712492077 118.36974334717
49.017437117376 8.4655951789143 118.32229614258
49.017439050736 8.4656170730408 118.27751922607
49.017441009071 8.4656412954174 118.22863006592
49.017442637287 8.4656634403547 118.18440246582
49.017444146745 8.4656856849806 118.13827514648
49.017445692852 8.4657102441702 118.08428955078
49.017447023705 8.4657326242998 118.03582000732
49.017448286611 8.4657550502983 117.98778533936
49.017449590397 8.4657797377478 117.93444824219
49.017450694896 8.4658021984119 117.88605499268
49.017451734276 8.4658246658804 117.83794403076
49.017452817092 8.4658494132239 117.78350067139
49.017453745434 8.4658719013167 117.73425292969
49.017454723006 8.4658966599271 117.6798248291
49.017455578901 8.4659191876871 117.63140106201
49.017456413041 8.4659417195323 117.5835723877
49.017457312351 8.4659665438637 117.53079986572
49.017458108917 8.4659891165595 117.48296356201
49.017458878522 8.4660116793883 117.43572998047
49.017459716242 8.4660365503886 117.3804397583
49.017460462083 8.4660591536631 117.32949066162
49.01746126478 8.4660840171468 117.27159118652
49.017461979066 8.4661066356477 117.21776580811
49.017462671809 8.466129233356 117.16500854492
49.017463414447 8.4661540372192 117.10961151123
49.017464068779 8.4661764935152 117.05955505371
49.017464708292 8.4661988728458 117.00873565674
49.017465398689 8.4662233711491 116.95220947266
49.017465994614 8.4662455400475 116.90308380127
49.017466571291 8.4662676497007 116.85774993896
49.017467167033 8.466291876801 116.8109664917
49.017467684355 8.4663138318042 116.77140045166
49.017468217727 8.4663378779122 116.72774505615
49.017468654259 8.4663595941292 116.68892669678
49.017469023059 8.4663811823085 116.64933776855
49.017469327864 8.4664047762915 116.60720825195
49.017469482086 8.4664260583842 116.56879425049
49.017469513433 8.4664472023087 116.53144836426
49.017469395673 8.4664702638611 116.49231719971
49.017469143604 8.4664910602748 116.45609283447
49.017468669347 8.4665137263931 116.41571807861
49.01746804671 8.4665341695813 116.37903594971
49.017467202086 8.4665543978364 116.34283447266
49.01746600993 8.466576419054 116.30562591553
49.017464676236 8.4665962375932 116.27410125732
49.017463093964 8.4666158877764 116.2445602417
49.017461051474 8.4666372606843 116.21446990967
49.017458902716 8.4666564894842 116.18576812744
49.017456089594 8.4666775831205 116.14780426025
49.01745307427 8.4666967913382 116.114112854
49.017450000874 8.4667157944012 116.09842681885
49.017446230859 8.4667364970414 116.08679199219
49.017442476717 8.4667551390436 116.08308410645
49.017438337478 8.4667737161778 116.08981323242
49.017433353813 8.4667937045095 116.09365844727
49.017428464429 8.4668117419461 116.11779022217
49.017422686951 8.466831155209 116.12516021729
49.017417052175 8.4668485536074 116.13667297363
49.017411045235 8.4668655325527 116.1350479126
49.017404013724 8.4668838310721 116.13466644287
49.017397219395 8.4669000203991 116.13238525391
49.017390090059 8.466915826552 116.1273651123
49.017381839851 8.4669327488221 116.12247467041
49.017374003632 8.4669476853807 116.11460113525
49.01736499824 8.4669636072835 116.10572814941
49.017356495041 8.4669775852334 116.09205627441
49.017347676221 8.4669910889345 116.07942199707
49.017337629446 8.4670053359174 116.06464385986
49.017328190068 8.467017762364 116.05600738525
49.017318481156 8.4670296614858 116.0470199585
49.017307506055 8.4670421641344 116.03941345215
49.017297265493 8.4670529493851 116.03211975098
49.017285735475 8.4670642036372 116.02501678467
49.017275012127 8.46707384393 116.02002716064
49.017264073202 8.4670829731833 116.01860046387
49.017251796122 8.4670923952096 116.02214813232
49.017240466847 8.4671004456497 116.02194976807
49.017228971683 8.467107963808 116.01940917969
49.017216153125 8.4671156569915 116.01840209961
49.017204343944 8.4671221028983 116.0170135498
49.017192390418 8.4671280522444 116.02099609375
49.017179083393 8.4671340193951 116.02768707275
49.017166861355 8.4671388582722 116.02909851074
49.017153325972 8.4671435407317 116.02142333984
49.017140924685 8.4671471167697 116.01535797119
49.017128415943 8.4671500773938 116.02695465088
49.017114539419 8.4671525598667 116.05364990234
49.017101859538 8.4671541870072 116.07388305664
49.017089142589 8.467155177594 116.08365631104
49.017075120357 8.4671555828888 116.08699798584
49.017062356359 8.4671552647256 116.09210968018
49.017048295643 8.4671542051224 116.10437774658
49.017035534018 8.4671525538311 116.12222290039
49.017022800391 8.4671502977032 116.14466094971
49.017008851404 8.4671470973661 116.172706604
49.016996220994 8.4671435292392 116.19738769531
49.016983610286 8.4671393646976 116.21877288818
49.016969802162 8.4671340158151 116.24331665039
49.01695729814 8.4671285243657 116.26683807373
49.016943607135 8.4671217858117 116.29220581055
49.016931220375 8.467115085553 116.31442260742
49.016918898203 8.4671078400834 116.33522033691
49.016905429828 8.467099295123 116.35330200195
49.016893266986 8.4670910194759 116.36957550049
49.016881147777 8.467082313819 116.38801574707
49.016867923346 8.4670722403166 116.41197967529
49.016855925742 8.4670627106544 116.43501281738
49.016843952504 8.467052868145 116.45635223389
49.016830849736 8.467041650277 116.47214508057
49.016818970916 8.4670311351466 116.48517608643
49.016805970706 8.4670191825576 116.50173950195
49.016794169083 8.4670080424952 116.52098846436
49.016782384816 8.4669966881443 116.53897857666
49.016769366765 8.4669840484072 116.55500030518
49.016757564821 8.4669723862018 116.56924438477
49.016745681769 8.4669606117339 116.58330535889
49.016732559498 8.4669475257201 116.59838104248
49.016720556926 8.4669355396675 116.6070022583
49.016708512798 8.4669234582976 116.61294555664
49.016695248858 8.4669100319226 116.61866760254
49.01668310118 8.466897745074 116.62369537354
49.016669749501 8.4668840980074 116.63256072998
49.016657525324 8.4668715975799 116.64387512207
49.016645220255 8.466858986197 116.65719604492
