0.000000 0.000104 0.000060
0.071504 -0.047916 0.000441
0.152709 -0.102211 0.000639
0.230525 -0.152204 0.000441
0.313977 -0.204020 -0.003366
0.415350 -0.265922 -0.007257
0.517402 -0.327545 -0.009889
0.642037 -0.399998 -0.011667
0.766110 -0.470957 -0.012781
0.900954 -0.543620 -0.013826
1.058387 -0.623900 -0.012972
1.209335 -0.695437 -0.012018
1.368230 -0.763684 -0.010141
1.552607 -0.836736 -0.006830
1.727561 -0.901897 -0.006838
1.928815 -0.968120 -0.007151
2.118511 -1.022045 -0.006258
2.313099 -1.073871 -0.006098
2.531667 -1.120819 -0.006922
2.736844 -1.152763 -0.012430
2.945733 -1.181446 -0.018420
3.180319 -1.208697 -0.024844
3.398020 -1.226768 -0.026667
3.643652 -1.230962 -0.022547
3.872428 -1.219020 -0.016810
4.106760 -1.196958 -0.014461
4.372996 -1.162363 -0.012614
4.621578 -1.121811 -0.011012
4.877191 -1.063559 -0.009746
5.162209 -0.977246 -0.006389
5.426116 -0.879744 -0.003597
5.692374 -0.764435 -0.002720
5.987409 -0.612614 -0.002049
6.258454 -0.450507 -0.002728
6.558064 -0.245034 -0.002881
6.830305 -0.034591 0.001673
7.103188 0.195086 0.007738
7.398187 0.477753 0.009752
7.660022 0.762548 0.007806
7.944013 1.105268 0.002015
8.199200 1.439598 -0.005492
8.451721 1.795455 -0.011238
8.727405 2.207012 -0.013649
8.972476 2.605241 -0.015351
9.239188 3.067291 -0.019868
9.482879 3.506944 -0.024111
9.726615 3.963821 -0.023165
9.995298 4.483605 -0.015857
10.240664 4.974292 -0.007855
10.517461 5.529713 -0.005574
10.775175 6.050875 -0.006735
11.063461 6.640987 -0.004020
11.332348 7.191936 0.003326
11.606795 7.754096 0.006796
11.915341 8.387598 0.003041
12.205788 8.975484 -0.000546
12.534608 9.637609 -0.002569
12.840259 10.252421 -0.000976
13.185498 10.941438 0.001524
13.506810 11.579147 -0.005489
13.834553 12.227750 -0.017011
14.202788 12.953180 -0.025017
14.548919 13.623498 -0.028025
14.933807 14.366976 -0.028943
15.286987 15.051087 -0.030265
15.642889 15.739280 -0.036234
16.040649 16.502061 -0.043469
16.408915 17.203654 -0.048851
16.817711 17.983351 -0.046375
17.188980 18.700494 -0.032843
17.561359 19.421464 -0.024294
17.968613 20.217837 -0.020383
18.337567 20.942570 -0.021386
18.743683 21.738506 -0.028615
19.113413 22.460120 -0.037026
19.482980 23.182607 -0.041043
19.888972 23.975975 -0.038720
20.256597 24.698029 -0.041150
20.660591 25.488085 -0.049616
21.029537 26.205291 -0.054861
21.398875 26.922249 -0.051387
21.806686 27.710704 -0.040695
22.177591 28.427288 -0.033757
22.585427 29.216112 -0.029489
22.955801 29.930577 -0.028174
23.326012 30.643579 -0.032978
23.731761 31.427117 -0.044976
24.098957 32.138313 -0.053343
24.501007 32.921848 -0.059956
24.866538 33.632784 -0.065469
25.233843 34.340596 -0.064124
25.639072 35.115332 -0.064320
26.004604 35.819373 -0.064158
26.405269 36.592536 -0.055428
26.767750 37.294159 -0.043341
27.128346 37.992759 -0.035313
27.520961 38.757278 -0.034282
27.869550 39.451396 -0.035310
28.215353 40.143424 -0.038314
28.591014 40.902197 -0.040625
28.932324 41.590204 -0.034932
29.308423 42.342226 -0.028469
29.646939 43.022235 -0.025682
29.983424 43.699254 -0.019913
30.353039 44.437965 -0.014267
30.687750 45.106990 -0.007063
31.050235 45.840041 -0.000371
31.377802 46.499896 0.002346
31.704015 47.152964 0.000775
32.058733 47.865326 -0.000780
32.374129 48.503970 -0.002084
32.715958 49.196210 -0.001610
33.020340 49.812067 0.000329
33.319068 50.415151 0.005274
33.642002 51.061666 0.014613
33.931780 51.633540 0.022580
34.246911 52.246724 0.032240
34.529071 52.790417 0.039672
34.807305 53.319813 0.045541
35.112720 53.883138 0.048548
35.388895 54.374735 0.050442
35.693471 54.891219 0.052633
35.971385 55.335656 0.055687
36.281198 55.795080 0.058237
36.563088 56.187944 0.062200
36.846718 56.559879 0.064896
37.165822 56.947302 0.068346
37.466645 57.283711 0.071973
37.811217 57.633885 0.076805
38.139520 57.928962 0.079791
38.514895 58.231393 0.079428
38.868877 58.487602 0.074449
39.270291 58.750441 0.068638
39.646224 58.967047 0.065772
40.031622 59.158589 0.065883
40.464272 59.338070 0.069785
40.860352 59.485518 0.067873
41.304446 59.632458 0.057493
41.723558 59.747529 0.039804
42.204940 59.851475 0.022825
42.660553 59.920870 0.018045
43.133362 59.963230 0.013876
43.672452 59.983006 0.009317
44.177291 59.972066 0.014967
44.748542 59.928379 0.015048
45.279093 59.863584 0.007873
45.822748 59.770752 0.005772
46.430944 59.639593 0.011086
46.994830 59.496701 0.014280
47.624659 59.318899 0.013759
48.208969 59.140764 0.014877
48.802619 58.949820 0.012532
49.466359 58.722516 0.010706
50.078487 58.497999 0.004623
50.699299 58.259152 -0.003353
51.395996 57.983347 -0.012214
52.038153 57.715898 -0.018541
52.751670 57.407721 -0.024159
53.406099 57.113561 -0.031486
54.067026 56.808151 -0.043383
54.800809 56.458874 -0.049742
55.473471 56.135582 -0.043428
56.146980 55.810045 -0.033375
56.884387 55.447012 -0.029961
57.549765 55.112777 -0.036136
58.280833 54.743162 -0.042510
58.944764 54.404166 -0.046038
59.606833 54.061853 -0.048154
60.331331 53.682070 -0.048829
60.985292 53.334163 -0.053067
61.640651 52.988338 -0.067971
62.362807 52.611926 -0.077259
63.016395 52.268869 -0.082779
63.736307 51.891944 -0.078381
64.387988 51.557304 -0.066307
65.036503 51.221132 -0.053730
65.744607 50.848584 -0.049195
66.383582 50.505141 -0.046056
67.085527 50.126647 -0.041841
67.726821 49.780514 -0.042669
68.369594 49.430808 -0.041796
69.082650 49.044246 -0.037345
69.735595 48.695609 -0.036708
70.392431 48.344578 -0.036553
71.120007 47.954650 -0.030805
71.786451 47.595754 -0.029284
72.524920 47.202217 -0.027909
73.204202 46.844492 -0.024732
73.886541 46.487860 -0.027087
74.642471 46.093331 -0.030847
75.338003 45.729174 -0.035033
76.109724 45.326593 -0.030821
76.819462 44.958119 -0.026104
77.534136 44.584190 -0.027514
78.328989 44.173954 -0.025194
79.057090 43.800147 -0.018677
79.791740 43.423323 -0.015815
80.606168 43.009521 -0.019812
81.348950 42.630863 -0.025167
82.167094 42.208037 -0.029242
82.911674 41.817909 -0.030813
83.658285 41.428245 -0.033414
84.483642 40.998120 -0.027913
85.231289 40.603695 -0.024060
86.053145 40.173055 -0.025030
86.797662 39.785318 -0.029737
87.539309 39.400282 -0.036596
88.351327 38.977299 -0.038466
89.086651 38.594629 -0.035651
89.890676 38.172733 -0.024506
90.617709 37.790995 -0.009904
91.342480 37.409836 0.010939
92.137197 36.994608 0.029676
92.851181 36.615668 0.028119
93.633719 36.202761 0.026729
94.343481 35.830240 0.029566
95.051473 35.464755 0.032396
95.827522 35.068548 0.035255
96.528958 34.706205 0.038176
97.298196 34.314921 0.046788
97.997806 33.963196 0.059986
98.694822 33.613775 0.070605
99.459999 33.234619 0.089035
100.155170 32.895868 0.103301
100.915985 32.526854 0.111385
101.606560 32.196993 0.113741
102.295695 31.871854 0.117524
103.052202 31.522202 0.116956
103.739534 31.218791 0.114658
104.425835 30.919475 0.108575
105.177622 30.592613 0.104345
105.861772 30.301562 0.103992
106.615450 29.995907 0.109848
107.297840 29.717479 0.116178
107.977422 29.444544 0.125552
108.722255 29.147239 0.120826
109.399308 28.882913 0.110767
110.143998 28.597290 0.112968
110.822426 28.345743 0.126111
111.502675 28.100644 0.131029
112.253558 27.841275 0.141782
112.933475 27.608799 0.144845
113.678826 27.362979 0.136052
114.355553 27.150802 0.121530
115.034889 26.939851 0.107122
115.791067 26.712398 0.102592
116.484465 26.519532 0.109638
117.181940 26.333147 0.111907
117.948406 26.136918 0.102029
118.647758 25.966778 0.089603
119.420298 25.793616 0.080618
120.126001 25.639001 0.071679
120.835120 25.491839 0.068606
121.618683 25.340919 0.072148
122.329975 25.213673 0.068594
123.115827 25.074686 0.059638
123.834863 24.954295 0.056962
124.557548 24.846574 0.057864
125.352996 24.741673 0.037272
126.075529 24.643676 0.011746
126.872706 24.533138 -0.011120
127.602119 24.437196 -0.020335
128.337955 24.347518 -0.020555
129.148448 24.246017 -0.017069
129.884618 24.156961 -0.019815
130.694316 24.067827 -0.030871
131.431359 23.991389 -0.044237
132.169592 23.919302 -0.046984
132.983405 23.845975 -0.038882
133.721782 23.781880 -0.033961
134.531885 23.709619 -0.032094
135.265821 23.650712 -0.031079
135.997026 23.594661 -0.030881
136.800934 23.539481 -0.029471
137.528616 23.495919 -0.029166
138.324855 23.450005 -0.028733
139.042890 23.411798 -0.029526
139.756830 23.378756 -0.029450
140.538783 23.345150 -0.029994
141.248182 23.320452 -0.026218
141.951402 23.297045 -0.014774
142.715813 23.273055 -0.001325
143.397950 23.251219 0.003802
144.133519 23.228475 -0.002875
144.786221 23.212014 -0.011282
145.425502 23.200007 -0.018712
146.110845 23.190609 -0.025861
146.715721 23.179269 -0.030361
147.359610 23.169215 -0.029971
147.924979 23.163130 -0.029130
148.467647 23.155874 -0.032049
149.039098 23.149238 -0.034405
149.535711 23.146679 -0.037666
150.059282 23.149364 -0.037862
150.514889 23.151857 -0.038735
150.951742 23.154005 -0.041316
151.412711 23.159232 -0.043074
151.811590 23.168049 -0.042664
152.191967 23.182350 -0.040430
152.589302 23.201551 -0.034695
152.932314 23.219250 -0.027837
153.285869 23.235530 -0.024076
153.588784 23.249660 -0.023641
153.875271 23.263451 -0.022702
154.172133 23.282472 -0.021656
154.425212 23.305042 -0.020251
154.687435 23.335782 -0.020837
154.912797 23.362254 -0.018974
155.125482 23.392139 -0.022084
155.348045 23.429010 -0.027880
155.543513 23.469477 -0.035927
155.736889 23.519653 -0.043858
155.949585 23.573935 -0.045992
156.144065 23.624637 -0.048568
156.335802 23.677212 -0.050542
156.541728 23.743507 -0.052172
156.725071 23.811206 -0.055114
156.924829 23.889505 -0.055150
157.103293 23.963610 -0.054399
157.278123 24.046193 -0.054755
157.466072 24.143444 -0.052974
157.634522 24.236652 -0.050591
157.804872 24.332009 -0.047139
158.001116 24.450990 -0.048709
158.189067 24.577868 -0.055268
158.405908 24.735333 -0.061575
158.610194 24.895073 -0.066861
158.818218 25.070093 -0.070780
159.050914 25.284375 -0.079958
159.261079 25.498485 -0.086739
159.467631 25.733960 -0.092306
159.690329 26.009590 -0.093053
159.887869 26.277975 -0.089946
160.096633 26.593583 -0.085337
160.276565 26.903597 -0.082345
160.446177 27.234178 -0.080023
160.617527 27.615941 -0.077435
160.761881 27.988412 -0.078188
160.894132 28.380647 -0.078262
161.022500 28.842453 -0.080541
161.120174 29.284629 -0.082659
161.207079 29.793727 -0.085753
161.264327 30.278456 -0.089549
161.300564 30.789446 -0.095175
161.316565 31.371800 -0.101785
161.312286 31.924533 -0.108364
161.290498 32.548075 -0.109961
161.258256 33.136918 -0.111223
161.213984 33.804223 -0.111072
161.165585 34.430007 -0.111441
161.107508 35.071688 -0.111313
161.031549 35.792962 -0.112986
160.956500 36.463691 -0.115956
160.867307 37.218629 -0.118659
160.781385 37.922162 -0.121606
160.689076 38.636785 -0.124827
160.582309 39.443422 -0.129682
160.481795 40.189811 -0.133392
160.369365 41.031328 -0.138910
160.263727 41.810598 -0.144711
160.143271 42.684511 -0.150611
160.024779 43.484564 -0.156870
159.905318 44.300549 -0.160916
159.770577 45.208143 -0.168320
159.647855 46.046485 -0.178126
159.510149 46.980810 -0.188826
159.385158 47.846432 -0.195025
159.258012 48.723927 -0.199094
159.113522 49.700257 -0.204996
158.980532 50.598402 -0.209631
158.832535 51.596996 -0.209574
158.692808 52.516389 -0.204108
158.552930 53.444411 -0.193233
158.400004 54.474167 -0.181488
158.263468 55.410939 -0.171430
158.118052 56.443501 -0.163150
157.984872 57.383095 -0.156494
157.849059 58.323503 -0.151174
157.698520 59.358348 -0.147320
157.562491 60.302117 -0.140977
157.415018 61.342427 -0.132355
157.279564 62.286999 -0.126799
157.143278 63.231807 -0.124134
156.992165 64.274537 -0.125034
156.858753 65.222017 -0.120653
156.724724 66.169925 -0.114228
156.573116 67.207088 -0.109444
156.435005 68.150682 -0.104659
156.280278 69.184504 -0.101104
156.143364 70.131433 -0.093474
156.003790 71.075222 -0.086553
155.850193 72.113408 -0.078489
155.711739 73.054051 -0.072859
155.561246 74.090641 -0.066321
155.427746 75.031792 -0.057090
155.295739 75.973538 -0.046165
155.152551 77.011268 -0.035943
155.023569 77.953142 -0.027589
154.881530 78.989408 -0.025340
154.751618 79.928120 -0.035099
154.622221 80.867678 -0.044705
154.477996 81.899592 -0.047309
154.347663 82.838664 -0.042756
154.217941 83.773143 -0.040529
154.077108 84.798367 -0.043073
153.947166 85.727365 -0.046866
153.802968 86.748541 -0.047677
153.670752 87.674473 -0.045490
153.539685 88.598710 -0.046049
153.395764 89.612330 -0.052003
153.263153 90.527588 -0.059161
153.125664 91.435094 -0.065274
152.974412 92.432280 -0.071625
152.835450 93.337228 -0.074397
152.686239 94.330990 -0.077849
152.550954 95.231693 -0.080430
152.417451 96.129999 -0.082737
152.272808 97.114909 -0.084755
152.144158 98.009567 -0.088725
152.002373 98.990610 -0.092880
151.877002 99.881180 -0.094302
151.753739 100.769655 -0.093283
151.619530 101.743048 -0.092464
151.502800 102.624867 -0.093627
151.392121 103.503808 -0.097209
151.265818 104.460236 -0.099877
151.159889 105.320413 -0.087102
151.041795 106.254905 -0.073458
150.940814 107.094529 -0.061598
150.837709 107.921561 -0.052729
150.726922 108.817890 -0.042595
150.625944 109.619391 -0.034176
150.515607 110.489610 -0.023522
150.416349 111.269097 -0.015995
150.318954 112.039571 -0.008942
150.213685 112.876234 -0.000470
150.118000 113.626823 0.006744
150.015414 114.363318 0.015209
149.896339 115.155724 0.024071
149.786290 115.860427 0.032224
149.672176 116.622852 0.037599
149.560674 117.301412 0.044402
149.456960 117.964835 0.048390
149.343789 118.680230 0.052797
149.245281 119.318710 0.056961
149.133863 120.007596 0.062146
149.032818 120.620167 0.065242
148.926966 121.219932 0.068414
148.802068 121.866369 0.073402
148.685077 122.444218 0.077918
148.568296 123.015034 0.080718
148.429531 123.629146 0.080823
148.287706 124.171154 0.077009
148.119078 124.745079 0.073958
147.948709 125.248430 0.068993
147.765646 125.735907 0.064799
147.547373 126.254387 0.054433
147.339276 126.708172 0.049576
147.119478 127.142749 0.044194
146.859602 127.596958 0.036485
146.604048 127.988861 0.027206
146.333110 128.363848 0.019705
146.027371 128.763123 0.018987
145.736950 129.112332 0.020611
145.402562 129.478514 0.024388
145.082342 129.792208 0.034421
144.747392 130.085590 0.045112
144.362511 130.382979 0.058084
144.004915 130.635484 0.067975
143.643988 130.877103 0.071183
143.236265 131.119633 0.076199
142.856232 131.315559 0.079942
142.429875 131.503284 0.085334
142.036771 131.647306 0.085637
141.641366 131.776118 0.086391
141.202368 131.904622 0.090289
140.789638 131.997847 0.096835
140.322367 132.076630 0.108356
139.888425 132.132707 0.123364
139.448775 132.176263 0.135824
138.963291 132.212998 0.147606
138.515293 132.225858 0.153414
138.015426 132.223329 0.156995
137.553421 132.207572 0.156700
137.084336 132.182281 0.156757
136.560347 132.144352 0.158256
136.076370 132.101451 0.159091
135.534383 132.048229 0.156663
135.032580 131.996013 0.154073
134.468699 131.930855 0.150363
133.945870 131.865620 0.146591
133.413900 131.792777 0.142888
132.814787 131.706685 0.138973
132.252570 131.625641 0.132570
131.621329 131.539587 0.129312
131.032442 131.463114 0.132858
130.368110 131.377018 0.139648
129.748872 131.294132 0.139464
129.116724 131.209479 0.131987
128.403190 131.116529 0.130019
127.736676 131.032515 0.137839
126.990080 130.924870 0.148835
126.295673 130.820816 0.157236
125.585426 130.718999 0.168810
124.784974 130.608405 0.180829
124.039990 130.506921 0.188727
123.200976 130.391933 0.197230
122.424041 130.285798 0.204243
121.634744 130.175772 0.205801
120.752456 130.056875 0.200137
119.938373 129.947020 0.199735
119.029976 129.820261 0.206361
118.195391 129.701018 0.207256
117.351068 129.580003 0.206328
116.407092 129.443163 0.202541
115.538679 129.323624 0.200568
114.574159 129.191408 0.210827
113.687644 129.070890 0.221427
112.794256 128.951739 0.235148
111.808435 128.822807 0.251403
110.912338 128.708030 0.267138
109.928871 128.588237 0.284010
109.037118 128.483225 0.297738
108.145715 128.377682 0.308307
107.164191 128.258553 0.315459
106.273541 128.159571 0.319619
105.297950 128.043145 0.313190
104.415132 127.933873 0.302511
103.536671 127.823547 0.295378
102.567672 127.704244 0.295229
101.689326 127.597167 0.306681
100.726477 127.482161 0.318295
99.854965 127.378640 0.325597
98.987295 127.273700 0.328909
98.034277 127.165219 0.333847
97.170826 127.071875 0.340034
96.227200 126.982932 0.341263
95.371599 126.913441 0.342261
94.519419 126.858553 0.346425
93.583277 126.812262 0.352589
92.735422 126.789972 0.352350
91.805046 126.786351 0.347947
90.961154 126.810653 0.338421
90.119217 126.858214 0.332741
89.199008 126.940229 0.322842
88.370376 127.042891 0.308752
87.466352 127.180703 0.294250
86.650764 127.333861 0.290985
85.757010 127.528282 0.297196
84.949770 127.732804 0.309479
84.146844 127.962315 0.320128
83.266169 128.238756 0.326161
82.465539 128.507539 0.335138
81.662029 128.790564 0.350798
80.780403 129.124162 0.360698
79.978698 129.445617 0.362449
79.097818 129.816629 0.363947
78.292524 130.168755 0.362127
77.483369 130.542427 0.363724
76.587977 130.969218 0.375139
75.768705 131.364870 0.380748
74.860833 131.804376 0.368932
74.028315 132.205818 0.354026
73.187047 132.609149 0.339142
72.245267 133.057205 0.325487
71.378886 133.471166 0.316775
70.505969 133.892079 0.310619
69.539983 134.358314 0.305363
68.648551 134.786422 0.295629
67.664324 135.259101 0.284956
66.759212 135.689433 0.275343
65.851190 136.121909 0.267637
64.846148 136.601138 0.263250
63.927668 137.037403 0.266539
63.008431 137.477049 0.269804
61.997039 137.964515 0.273366
61.078198 138.409248 0.275227
60.067690 138.903097 0.273845
59.149205 139.350945 0.273294
58.235256 139.800701 0.267151
57.234297 140.293699 0.258734
56.326663 140.743037 0.248829
55.421807 141.191269 0.242251
54.428512 141.684110 0.239105
53.527646 142.132085 0.236486
52.539311 142.625564 0.229983
51.645660 143.074181 0.224906
50.756387 143.524085 0.217282
49.781480 144.019740 0.210656
48.898303 144.469484 0.209279
47.931537 144.966476 0.208436
47.057950 145.420941 0.207188
46.189704 145.877571 0.204567
45.236611 146.375036 0.200428
44.374827 146.827846 0.196296
43.515585 147.281481 0.190684
42.570216 147.776591 0.181470
41.715097 148.225742 0.174637
40.777316 148.715949 0.164675
39.928982 149.162275 0.158818
39.083650 149.609514 0.156173
38.157664 150.098945 0.158059
37.319302 150.541083 0.162784
36.399271 151.024668 0.169202
35.566653 151.463504 0.172088
34.737124 151.898699 0.176835
33.826549 152.378153 0.183222
33.000839 152.810626 0.187938
32.179105 153.242453 0.191068
31.277339 153.715583 0.195265
30.459235 154.139536 0.199333
29.563310 154.602226 0.206619
28.753242 155.019514 0.213449
27.946567 155.431594 0.220255
27.066904 155.879738 0.233630
26.276191 156.282844 0.244961
25.416179 156.721512 0.255505
24.645765 157.114997 0.262586
23.887412 157.503287 0.268446
23.067614 157.923757 0.272895
22.336145 158.299707 0.275650
21.553210 158.706947 0.279793
20.861049 159.072731 0.282876
20.192305 159.436793 0.290887
19.482419 159.831682 0.301423
18.860447 160.181015 0.311243
18.200850 160.553527 0.321749
17.626992 160.884643 0.330150
17.076546 161.207833 0.337246
16.497629 161.550293 0.343121
15.994968 161.851897 0.346571
15.471067 162.174562 0.355025
15.017507 162.459891 0.364472
14.591020 162.732666 0.374788
14.148836 163.015841 0.382228
13.774760 163.261189 0.388120
13.391397 163.516227 0.392601
13.071413 163.734400 0.396021
12.775150 163.933778 0.397917
12.482140 164.136553 0.404237
12.241754 164.301076 0.407987
12.024510 164.449427 0.411264
11.811264 164.596942 0.411512
11.634107 164.718200 0.409846
11.456559 164.842340 0.406174
11.299952 164.948350 0.401212
11.145791 165.049845 0.392413
10.980883 165.154953 0.387612
10.835391 165.240830 0.379606
10.684730 165.326649 0.373287
10.557414 165.395486 0.366152
10.441969 165.465821 0.361939
10.324472 165.541278 0.357512
10.222173 165.604460 0.354009
10.115773 165.668121 0.349323
10.023750 165.719599 0.345339
9.936867 165.766849 0.342416
9.850871 165.807215 0.341591
9.785504 165.837782 0.340461
9.727274 165.863018 0.337752
9.685334 165.880898 0.334967
9.652788 165.893073 0.331976
9.627321 165.900665 0.330900
9.612107 165.903623 0.327727
9.603697 165.902341 0.326140
9.603577 165.896780 0.324019
9.607540 165.890751 0.323332
9.607753 165.889566 0.322875
9.606092 165.893184 0.320830
9.607352 165.899392 0.319105
9.609571 165.902846 0.317824
9.611653 165.904112 0.314116
9.614546 165.906253 0.309721
9.616517 165.906964 0.304968
9.617728 165.907373 0.298124
9.617453 165.909318 0.294333
9.617133 165.912181 0.289961
9.616859 165.913486 0.287565
9.615202 165.917844 0.280134
9.614220 165.919428 0.274732
9.613357 165.921952 0.268484
9.612850 165.922612 0.264372
9.612370 165.924395 0.258245
9.612093 165.922973 0.254812
9.611767 165.923368 0.248533
9.612322 165.921940 0.243528
9.613981 165.918498 0.237470
9.616022 165.915011 0.229620
9.617577 165.912117 0.223730
9.620050 165.911448 0.219397
9.622175 165.911030 0.215673
9.624664 165.910231 0.210669
9.626110 165.908870 0.207098
9.626823 165.907690 0.204634
9.627962 165.906632 0.203749
9.629197 165.907928 0.202894
9.630060 165.908010 0.200995
9.630025 165.908855 0.197004
9.629952 165.909070 0.194319
9.629933 165.909601 0.191351
9.630046 165.909319 0.189245
9.628634 165.907800 0.184218
9.628068 165.906673 0.180777
9.628036 165.906968 0.178564
9.628227 165.907565 0.178015
9.628243 165.907011 0.177839
9.628443 165.907090 0.176870
9.628681 165.906830 0.175520
9.625617 165.903300 0.171606
9.624482 165.899656 0.168585
9.623249 165.896944 0.167349
9.622980 165.895855 0.166426
9.623874 165.899001 0.166128
9.624495 165.900470 0.166128
9.624587 165.900893 0.165221
9.624021 165.899496 0.163618
9.625160 165.935829 0.123411
9.625249 165.958708 0.097508
9.623844 165.981826 0.075268
9.616231 166.009303 0.050212
9.605400 166.030793 0.034083
9.591342 166.063239 0.015909
9.574566 166.088398 0.004106
9.553767 166.116017 -0.009780
9.528049 166.140698 -0.018456
9.502291 166.169242 -0.027818
9.469168 166.196868 -0.034074
9.436602 166.227083 -0.040484
9.400181 166.253655 -0.044971
9.355174 166.282500 -0.051746
9.307771 166.309601 -0.057583
9.245226 166.342353 -0.066335
9.174211 166.374168 -0.073637
9.107253 166.404455 -0.078383
8.976754 166.456617 -0.081749
8.860897 166.501830 -0.082269
8.717809 166.554833 -0.082217
8.574535 166.601166 -0.082019
8.418027 166.647089 -0.081829
8.233946 166.695286 -0.083486
8.056609 166.736601 -0.085738
7.869038 166.774261 -0.086028
7.652645 166.810920 -0.086273
7.445217 166.838310 -0.088402
7.225168 166.859391 -0.094086
6.961621 166.872995 -0.102845
6.699457 166.874100 -0.109414
6.381927 166.865749 -0.116501
6.067585 166.848058 -0.126082
5.728905 166.813498 -0.138708
5.330147 166.743980 -0.151813
4.944474 166.656045 -0.158341
4.536752 166.540179 -0.161741
4.069806 166.380365 -0.165124
3.632282 166.197946 -0.166370
3.140992 165.964676 -0.167393
2.687241 165.723153 -0.170660
2.228589 165.446597 -0.173224
1.723115 165.098175 -0.176869
1.263665 164.745285 -0.181002
0.759583 164.313454 -0.189063
0.305417 163.882124 -0.201709
-0.144103 163.412218 -0.215743
-0.632746 162.850172 -0.232635
-1.075566 162.306115 -0.247018
-1.562499 161.672200 -0.260659
-2.007963 161.065268 -0.271622
-2.455661 160.433496 -0.281524
-2.951452 159.713196 -0.289083
-3.404293 159.034520 -0.296939
-3.903466 158.260929 -0.305038
-4.356370 157.530404 -0.308042
-4.855385 156.700097 -0.306114
-5.312118 155.920667 -0.304005
-5.776437 155.122211 -0.303208
-6.298839 154.221831 -0.300882
-6.785839 153.381516 -0.298810
-7.333285 152.432379 -0.298124
-7.837999 151.553604 -0.298539
-8.398372 150.565818 -0.298478
-8.899287 149.642490 -0.299540
-9.401437 148.701736 -0.299557
-9.963154 147.656060 -0.295391
-10.475108 146.685396 -0.292287
-11.043146 145.605689 -0.290951
-11.559629 144.604525 -0.296292
-12.079224 143.589161 -0.301481
-12.655036 142.457521 -0.304570
-13.185371 141.427298 -0.303716
-13.769595 140.292054 -0.301175
-14.302214 139.265518 -0.299833
-14.833893 138.242571 -0.298882
-15.413041 137.116360 -0.295372
-15.940945 136.097335 -0.292788
-16.521039 134.976614 -0.291507
-17.051320 133.960032 -0.288763
-17.580196 132.942027 -0.282693
-18.162956 131.827034 -0.278956
-18.684870 130.812192 -0.282843
-19.263386 129.703780 -0.286255
-19.786380 128.696803 -0.286328
-20.310732 127.693333 -0.284097
-20.885866 126.591801 -0.281025
-21.408001 125.594817 -0.282220
-21.979579 124.500592 -0.288754
-22.500698 123.510624 -0.293879
-23.021781 122.523462 -0.297157
-23.592576 121.439823 -0.297467
-24.112121 120.458010 -0.296977
-24.681987 119.382012 -0.298363
-25.199365 118.407589 -0.301406
-25.716023 117.436033 -0.303740
-26.283732 116.370623 -0.301747
-26.794931 115.403389 -0.298992
-27.353571 114.341269 -0.296839
-27.854440 113.375670 -0.297061
-28.350618 112.411624 -0.297626
-28.892729 111.353632 -0.296160
-29.386902 110.392915 -0.286876
-29.877244 109.433239 -0.275639
-30.413333 108.379584 -0.265041
-30.897146 107.423492 -0.258916
-31.424140 106.373785 -0.251051
-31.900731 105.420723 -0.247390
-32.374476 104.469202 -0.243806
-32.893788 103.424854 -0.243311
-33.365782 102.477694 -0.242124
-33.838501 101.533678 -0.240104
-34.362208 100.488359 -0.245111
-34.840760 99.541722 -0.250843
-35.368223 98.502813 -0.255751
-35.848868 97.563213 -0.257799
-36.329293 96.624811 -0.254271
-36.858223 95.593202 -0.250413
-37.335591 94.667990 -0.248281
-37.858301 93.658242 -0.243073
-38.335359 92.741740 -0.240347
-38.808206 91.812426 -0.240771
-39.335754 90.797930 -0.238066
-39.814221 89.875337 -0.232639
-40.295523 88.956980 -0.224924
-40.823158 87.949185 -0.217208
-41.298825 87.040097 -0.213139
-41.813409 86.053224 -0.213206
-42.282352 85.153557 -0.215035
-42.750515 84.253782 -0.217613
-43.262047 83.266277 -0.220632
-43.729611 82.368298 -0.221638
-44.251631 81.372300 -0.231227
-44.728100 80.465718 -0.235979
-45.206848 79.558922 -0.241091
-45.729134 78.564610 -0.240296
-46.201060 77.654659 -0.245065
-46.679020 76.752367 -0.255036
-47.201340 75.758479 -0.262330
-47.671187 74.857315 -0.262239
-48.182921 73.871354 -0.262437
-48.645668 72.980078 -0.261377
-49.107277 72.091864 -0.260577
-49.613668 71.118706 -0.259021
-50.073127 70.236700 -0.254277
-50.576654 69.269633 -0.245093
-51.037769 68.393003 -0.236603
-51.499386 67.520879 -0.233568
-52.007241 66.568283 -0.237904
-52.468881 65.706871 -0.244925
-52.972658 64.759807 -0.246705
-53.432650 63.903251 -0.246715
-53.889895 63.048520 -0.243628
-54.392625 62.111969 -0.236635
-54.846804 61.264583 -0.232297
-55.298149 60.421499 -0.228387
-55.787926 59.508267 -0.222180
-56.224318 58.696667 -0.217385
-56.694835 57.820367 -0.211834
-57.114157 57.036400 -0.208695
-57.523451 56.270396 -0.203023
-57.961525 55.445266 -0.198816
-58.345743 54.711227 -0.198562
-58.759870 53.923786 -0.199459
-59.119961 53.227012 -0.190889
-59.468925 52.542358 -0.179938
-59.844897 51.802877 -0.170521
-60.174275 51.150704 -0.161714
-60.521517 50.451111 -0.150985
-60.821276 49.832513 -0.139257
-61.102837 49.228168 -0.123409
-61.391174 48.582631 -0.104569
-61.639432 48.014392 -0.088912
-61.893909 47.407627 -0.064481
-62.107612 46.873126 -0.047793
-62.322936 46.296289 -0.030083
-62.506797 45.779302 -0.016562
-62.678159 45.268700 -0.002987
-62.834699 44.766878 0.007414
-62.983802 44.224168 0.013924
-63.106761 43.737110 0.018854
-63.225942 43.208144 0.022687
-63.319701 42.732190 0.026275
-63.398358 42.259504 0.029756
-63.468794 41.744264 0.031788
-63.515585 41.279373 0.036788
-63.534835 40.819957 0.042391
-63.521578 40.320738 0.047453
-63.489203 39.870630 0.047463
-63.440280 39.425000 0.049618
-63.365503 38.942101 0.060028
-63.267789 38.513823 0.073727
-63.131576 38.057444 0.086571
-62.988394 37.649240 0.091328
-62.830352 37.243314 0.098214
-62.635797 36.801550 0.107740
-62.435616 36.408655 0.116258
-62.180098 35.996686 0.118064
-61.930870 35.631853 0.113063
-61.672821 35.267898 0.095017
-61.364277 34.878544 0.081815
-61.063835 34.534858 0.064509
-60.709044 34.168057 0.047539
-60.371294 33.841895 0.029012
-60.017517 33.519132 0.020182
-59.610697 33.169158 0.013504
-59.228370 32.853276 0.009016
-58.793657 32.508599 0.000393
-58.380465 32.197064 -0.005850
-57.952662 31.883489 -0.008935
-57.463146 31.537584 -0.012942
-57.000633 31.220457 -0.017231
-56.472472 30.868237 -0.021078
-55.975911 30.543619 -0.022514
-55.407735 30.186653 -0.026123
-54.871753 29.862191 -0.030031
-54.319354 29.534460 -0.033946
-53.693416 29.168014 -0.037800
-53.103710 28.834059 -0.036252
-52.442488 28.462336 -0.037062
-51.828419 28.115292 -0.039000
-51.204010 27.762550 -0.039330
-50.509059 27.371009 -0.039467
-49.871005 27.014818 -0.039072
-49.165202 26.624746 -0.039980
-48.521842 26.270713 -0.041683
-47.877158 25.917659 -0.044675
-47.164722 25.533570 -0.049978
-46.512269 25.189873 -0.056976
-45.792172 24.814716 -0.065079
-45.136327 24.474857 -0.071222
-44.477813 24.137927 -0.077503
-43.753975 23.767195 -0.083371
-43.094492 23.432120 -0.088744
-42.374114 23.058838 -0.090699
-41.723284 22.712540 -0.087741
-41.071839 22.371586 -0.085698
-40.357036 21.999742 -0.083198
-39.708106 21.662575 -0.083513
-38.996987 21.292962 -0.084537
-38.351854 20.959395 -0.086897
-37.709247 20.627026 -0.089799
-37.008021 20.261311 -0.092678
-36.375498 19.928292 -0.092131
-35.688828 19.567477 -0.086198
-35.072817 19.241706 -0.080899
-34.466814 18.920467 -0.075341
-33.806825 18.578921 -0.073391
-33.219791 18.269420 -0.068794
-32.585861 17.929738 -0.070521
-32.020674 17.621258 -0.064948
-31.459910 17.321183 -0.065479
-30.849449 16.992905 -0.060127
-30.297930 16.695742 -0.052677
-29.696414 16.370652 -0.044640
-29.154223 16.078145 -0.040883
-28.615591 15.789101 -0.038919
-28.027073 15.474354 -0.036794
-27.496125 15.189319 -0.034632
-26.919811 14.875575 -0.029403
-26.398695 14.592055 -0.021931
-25.881887 14.312147 -0.009324
-25.313314 14.003214 -0.001288
-24.800790 13.720601 0.008381
-24.236642 13.413479 0.018493
-23.729175 13.133920 0.026659
-23.221893 12.858440 0.033909
-22.665190 12.557311 0.041831
-22.160321 12.284817 0.046289
-21.607728 11.986948 0.050152
-21.109604 11.720182 0.050093
-20.611856 11.457398 0.050866
-20.069222 11.171523 0.051921
-19.580333 10.916257 0.053220
-19.051223 10.639807 0.052566
-18.576399 10.397289 0.052789
-18.111674 10.155366 0.050700
-17.610865 9.896327 0.050038
-17.165818 9.661646 0.045218
-16.688384 9.409431 0.042130
-16.265943 9.185281 0.037378
-15.852065 8.965959 0.033740
-15.406911 8.729753 0.029095
-15.010769 8.522655 0.030058
-14.586498 8.301476 0.031478
-14.212795 8.105637 0.035126
-13.852104 7.915791 0.038622
-13.471910 7.718659 0.042720
-13.140632 7.547086 0.045978
-12.796557 7.369150 0.048535
-12.501591 7.215073 0.050336
-12.226771 7.070283 0.057730
-11.941990 6.917726 0.062445
-11.696801 6.788175 0.067733
-11.461892 6.662609 0.071396
-11.212219 6.525578 0.073815
-10.989424 6.403041 0.074533
-10.749007 6.267356 0.074327
-10.531297 6.145413 0.075342
-10.318491 6.021727 0.076632
-10.087368 5.885739 0.078761
-9.874791 5.767138 0.079952
-9.642045 5.638695 0.082592
-9.433287 5.523997 0.083790
-9.223519 5.408619 0.081639
-8.993817 5.282658 0.083440
-8.786962 5.167766 0.085638
-8.560508 5.042992 0.088042
-8.357566 4.929050 0.088095
-8.156500 4.815766 0.087600
-7.935532 4.693356 0.086524
-7.733444 4.587163 0.087448
-7.512742 4.472171 0.090851
-7.311366 4.367997 0.091553
-7.109702 4.264947 0.091225
-6.886792 4.155524 0.089631
-6.683364 4.061785 0.088899
-6.459422 3.962370 0.091425
-6.258373 3.869235 0.092608
-6.058637 3.775499 0.093020
-5.840465 3.671854 0.094744
-5.638321 3.578532 0.100329
-5.418791 3.477967 0.106036
-5.220215 3.387335 0.111530
-5.023429 3.295973 0.116680
-4.807365 3.194272 0.122692
-4.612112 3.100209 0.127254
-4.398148 2.993640 0.129765
-4.201111 2.894412 0.130520
-3.996690 2.790654 0.130581
-3.762613 2.667203 0.128133
-3.540564 2.550144 0.127408
-3.286713 2.413499 0.126126
-3.046816 2.283725 0.126355
-2.800076 2.146072 0.128255
-2.519216 1.992168 0.131643
-2.255978 1.850336 0.133169
-1.961499 1.687268 0.133146
-1.688988 1.532103 0.130308
-1.409178 1.372176 0.129133
-1.094890 1.192397 0.130133
-0.803152 1.022241 0.130865
-0.477335 0.827792 0.127654
-0.172414 0.646478 0.123923
0.141649 0.461866 0.119025
0.498117 0.254796 0.113707
0.823639 0.044416 0.096999
1.144285 -0.186004 0.072066
1.495201 -0.435336 0.061278
1.805314 -0.668654 0.051863
2.147649 -0.906063 0.048307
2.456193 -1.116933 0.039244
2.764857 -1.313258 0.027708
3.104304 -1.522699 0.015531
3.411804 -1.707709 0.011075
3.715617 -1.890140 0.013272
4.052296 -2.075497 0.025822
4.361325 -2.228164 0.038258
4.699518 -2.383906 0.044056
5.006429 -2.516329 0.047008
5.312682 -2.644676 0.050289
5.653120 -2.774139 0.053951
5.966432 -2.876750 0.057177
6.313398 -2.982594 0.060580
6.627412 -3.079090 0.058512
6.940703 -3.174558 0.054277
7.277805 -3.283330 0.051446
7.559442 -3.381355 0.053498
7.834212 -3.477770 0.050545
8.050787 -3.548307 0.049851
8.235700 -3.611605 0.050842
8.399703 -3.669478 0.049606
8.516877 -3.713204 0.047279
8.610700 -3.747328 0.044822
8.665379 -3.764169 0.043159
8.692910 -3.769456 0.040984
8.692790 -3.768494 0.040771
8.679404 -3.759940 0.041701
8.676167 -3.756240 0.041167
8.677219 -3.753645 0.039535
8.674307 -3.750719 0.037284
8.672501 -3.746759 0.035216
8.673442 -3.747366 0.035773
8.672308 -3.746635 0.035667
8.669924 -3.745397 0.034217