48.972104544468 8.4761469953335 201.86813354492
48.972103212661 8.4761506974488 201.88606262207
48.972101969074 8.4761540984525 201.89958190918
48.972100683204 8.4761575461539 201.91000366211
48.972099230471 8.4761614245053 201.92018127441
48.972097888491 8.4761650363632 201.93000793457
48.972096516454 8.4761687215859 201.94007873535
48.972094987606 8.4761729769417 201.95683288574
48.972093574453 8.4761770390486 201.97337341309
48.972092201935 8.4761812295978 201.98735046387
48.972090677762 8.4761860216697 202.00360107422
48.972089295595 8.4761905475582 202.01951599121
48.972087969042 8.4761952383409 202.03733825684
48.972086643819 8.4762006199991 202.05844116211
48.972085468416 8.4762057149235 202.07861328125
48.972084195041 8.4762115400307 202.09976196289
48.972083017273 8.4762170193456 202.11943054199
48.972081830807 8.4762226833907 202.13777160645
48.972080531247 8.4762291496399 202.15699768066
48.972079381005 8.4762352182394 202.17658996582
48.972078068355 8.4762420990631 202.19905090332
48.972076855178 8.4762485353183 202.22389221191
48.972075619041 8.4762551551125 202.25122070312
48.972074301995 8.4762626216945 202.28096008301
48.972073136088 8.4762696236484 202.3056640625
48.972071848348 8.4762774676789 202.3422088623
48.97207064747 8.4762846854341 202.38531494141
48.972069447143 8.4762920641547 202.42617797852
48.972068182815 8.4763003544095 202.46810913086
48.972067073293 8.4763081283511 202.50805664062
48.972065857662 8.4763168579092 202.55178833008
48.972064794187 8.4763249985712 202.58871459961
48.972063739068 8.4763333355038 202.62300109863
48.972062594217 8.4763427457091 202.67094421387
48.972061556946 8.4763514387971 202.7181854248
48.972060431235 8.4763612089941 202.78477478027
48.972059482547 8.4763702258955 202.8533782959
48.972058575196 8.4763794143181 202.93124389648
48.972057611327 8.4763896912299 203.0230255127
48.972056738889 8.476399219769 203.1117401123
48.972055795781 8.47640985198 203.21710205078
48.972054916907 8.4764196600672 203.32015991211
48.972054065978 8.4764295970596 203.42448425293
48.972053172647 8.4764406769826 203.53950500488
48.972052181739 8.4764540663619 203.68238830566
48.972051678655 8.476462440048 203.7767791748
48.972051071483 8.4764729968141 203.88966369629
48.972050551749 8.4764836889056 204.00186157227
48.972049993298 8.4764955646318 204.11582946777
48.972049551469 8.4765065127202 204.21759033203
48.972049116688 8.4765186941166 204.32739257812
48.972048804044 8.4765299215275 204.42988586426
48.97204852117 8.4765412807623 204.53218078613
48.972048280242 8.4765539492348 204.64492797852
48.972048129416 8.4765656244523 204.74540710449
48.972048025545 8.4765786281645 204.85499572754
48.972047982478 8.4765906117155 204.94952392578
48.97204800559 8.4766027502721 205.03887939453
48.972048107476 8.4766162974211 205.13781738281
48.972048238673 8.4766287821715 205.22898864746
48.972048422597 8.4766414335729 205.31997680664
48.97204867809 8.4766555168649 205.41828918457
48.972048894421 8.4766686393159 205.51138305664
48.97204913334 8.4766833187895 205.61860656738
48.972049338274 8.4766968911232 205.71969604492
48.972049572579 8.4767105682227 205.81875610352
48.972049915528 8.4767257758402 205.92565917969
48.972050260235 8.4767396940424 206.02362060547
48.972050661252 8.4767550724483 206.13430786133
48.972051057583 8.4767690528855 206.23719787598
48.972051475527 8.4767830199175 206.33885192871
48.972051994637 8.4767983678531 206.4467010498
48.972052532116 8.4768122940923 206.5386505127
48.972053261475 8.4768277058428 206.63890075684
48.972054122202 8.4768418144103 206.72991943359
48.972055136782 8.4768558129119 206.8212890625
48.972056291997 8.4768711680292 206.92253112793
48.972057533627 8.4768849807228 207.00514221191
48.972058765743 8.4768988122611 207.08930969238
48.972060202635 8.4769140062686 207.18208312988
48.972061502681 8.476927847903 207.27548217773
48.972063012328 8.4769430804929 207.38563537598
48.972064419788 8.4769569532158 207.48554992676
48.972065866981 8.4769708505516 207.57522583008
48.972067511927 8.4769861659256 207.66143798828
48.972069035752 8.4770001012516 207.74285888672
48.972070666542 8.4770139917924 207.82141113281
48.972072529493 8.4770292826157 207.9137878418
48.972074339945 8.4770431631995 208.00419616699
48.972076364203 8.4770584704109 208.10903930664
48.972078303781 8.4770723773012 208.2022857666
48.972080290912 8.4770863251886 208.29498291016
48.972082581732 8.4771016852661 208.39831542969
48.972084737397 8.4771156829786 208.49401855469
48.9720872071 8.4771311010958 208.59941101074
48.972089534742 8.4771451497792 208.69720458984
48.972091948907 8.4771592169767 208.7975769043
48.972094834869 8.4771746305541 208.91270446777
48.972097542831 8.4771886676801 209.01564025879
48.972100406972 8.4772027517686 209.12420654297
48.972103614937 8.4772183087206 209.24098205566
48.972106667285 8.4772324685797 209.35232543945
48.972110004725 8.4772480790411 209.47497558594
48.972113131488 8.4772622786824 209.58863830566
48.97211631178 8.4772765245141 209.69812011719
48.972119900259 8.4772922093835 209.82026672363
48.972123266937 8.4773064939728 209.93202209473
48.972126759368 8.4773207727288 210.04425048828
48.972130598592 8.4773365521899 210.17657470703
48.972134147975 8.4773508941982 210.28828430176
48.972138143617 8.4773666806345 210.41105651855
48.972141845398 8.4773810915559 210.52253723145
48.972145619887 8.4773955822911 210.63327026367
48.972149831503 8.4774115406464 210.75581359863
48.972153752459 8.4774260433067 210.87089538574
48.972157719477 8.4774405703233 210.99214172363
48.972162143634 8.4774565744351 211.13243103027
48.97216625312 8.4774711231291 211.25834655762
48.972170910324 8.4774871154346 211.3968963623
48.972175295226 8.4775016316865 211.52307128906
48.972179803222 8.4775160961755 211.64552307129
48.972184912745 8.4775319702481 211.77409362793
48.972189669908 8.4775463663378 211.89395141602
48.972194543793 8.4775607232027 212.01728820801
48.972200010797 8.4775764732991 212.15991210938
48.972205101173 8.4775907298404 212.29078674316
48.972210345974 8.4776049343351 212.41619873047
48.972216260204 8.4776204927965 212.55317687988
48.972221789291 8.4776345774942 212.67910766602
48.972228004289 8.4776499937593 212.81993103027
48.972233789979 8.4776639584214 212.94848632812
48.972239692216 8.4776778775289 213.0795135498
48.972246306566 8.4776931283458 213.22355651855
48.972252421273 8.4777069442622 213.35061645508
48.972258610464 8.4777207048304 213.47494506836
48.972265518754 8.4777357947441 213.61337280273
48.972271867542 8.4777494281673 213.74345397949
48.972278913726 8.4777643452222 213.88998413086
48.972285359187 8.4777778214515 214.02786254883
48.972291832876 8.4777912177285 214.16940307617
48.972298968581 8.4778058515782 214.32110595703
48.972305467882 8.4778190616581 214.45283508301
48.972311980397 8.477832178304 214.58151245117
48.972319143435 8.4778465179554 214.72235107422
48.972325648935 8.4778594496108 214.84883117676
48.972332759688 8.4778736054404 214.97846984863
48.97233915515 8.4778861727803 215.1025390625
48.972345503517 8.4778985972266 215.22857666016
48.972352540122 8.4779121741927 215.36033630371
48.972358921791 8.4779243073238 215.47271728516
48.972365247897 8.4779363787538 215.58399963379
48.972372153545 8.477949467855 215.70655822754
48.972378457833 8.4779611523438 215.81753540039
48.972385334169 8.4779738658829 215.93858337402
48.972391501263 8.4779854095382 216.04931640625
48.972397597274 8.47799693931 216.1591796875
48.972404194261 8.47800976472 216.27168273926
48.972410109364 8.4780214309385 216.37705993652
48.972415955964 8.4780331049583 216.48028564453
48.972422269068 8.4780459940328 216.59408569336
48.972427923465 8.4780577546636 216.69560241699
48.972434021104 8.4780707389061 216.80921936035
48.9724394362 8.4780826224879 216.90795898438
48.972444681767 8.4780946219752 217.00621032715
48.972450343214 8.4781079758885 217.11155700684
48.97245538703 8.4781201978663 217.20863342285
48.972460773453 8.4781337276182 217.31343078613
48.972465588071 8.4781460453287 217.39782714844
48.97247025905 8.4781583545695 217.48292541504
48.972475234636 8.4781719085828 217.57487487793
48.972479609927 8.4781841870866 217.66482543945
48.972483842819 8.4781964810569 217.75325012207
48.972488350761 8.4782099279496 217.85801696777
48.97249230484 8.4782221418954 217.95037841797
48.972496509767 8.4782355191096 218.05126953125
48.972500217417 8.4782476473179 218.13710021973
48.972503794655 8.4782597252935 218.22462463379
48.97250757743 8.4782729760911 218.32188415527
48.972510968232 8.4782849106022 218.41175842285
48.97251424243 8.4782968087057 218.50128173828
48.972517716053 8.4783098492722 218.59579467773
48.972520750252 8.4783216738015 218.67916870117
48.972523980483 8.4783346088678 218.7692565918
48.972526783626 8.4783462508141 218.84945678711
48.972529477569 8.478357645457 218.92060852051
48.972532316308 8.4783701699598 219.00038146973
48.972534788111 8.4783812898813 219.06958007812
48.972537155969 8.4783924147745 219.13989257812
48.97253960055 8.4784045842565 219.21578979492
48.972541668248 8.478415656132 219.28335571289
48.972543821221 8.4784277149258 219.35174560547
48.972545657547 8.4784386411817 219.4112701416
48.972547369719 8.4784495428881 219.46881103516
48.97254911172 8.4784615209235 219.53326416016
48.972550596619 8.47847244 219.5947265625
48.972552092081 8.478484445518 219.66186523438
48.972553326451 8.4784953812796 219.72122192383
48.972554404011 8.4785063122266 219.78315734863
48.972555470076 8.4785183980822 219.85061645508
48.972556287319 8.4785293436186 219.92034912109
48.972556997221 8.4785403448213 219.97720336914
48.972557683 8.4785524922951 220.03768920898
48.972558248384 8.4785636026831 220.09150695801
48.97255875039 8.4785758555878 220.15138244629
48.972559108843 8.4785870616645 220.20193481445
48.97255934792 8.4785983332001 220.24783325195
48.97255955689 8.4786108785706 220.28997802734
48.97255970615 8.478622379294 220.3317565918
48.972559783549 8.4786340034709 220.37362670898
48.972559858424 8.4786469346378 220.42291259766
48.972559865062 8.4786588398094 220.46305847168
48.972559816741 8.4786720944409 220.5043182373
48.972559688132 8.4786843082679 220.53953552246
48.972559513325 8.4786966800867 220.57572937012
48.972559235744 8.4787104616419 220.61318969727
48.972558922685 8.4787231548492 220.64541625977
48.972558524223 8.4787359868465 220.67652893066
48.97255797309 8.4787502770456 220.7100982666
48.972557398067 8.4787634147926 220.7409362793
48.972556655227 8.4787780400925 220.77616882324
48.972555871923 8.4787914791553 220.8123626709
48.972554859232 8.4788050383941 220.85629272461
48.972553592161 8.4788201097224 220.90324401855
48.972552202695 8.4788339251107 220.94374084473
48.972550513889 8.4788492439672 220.98329162598
48.972548670192 8.4788632065979 221.02436828613
48.972546628723 8.4788772711748 221.06391906738
48.972544124873 8.4788928296152 221.10668945312
48.97254164181 8.4789070673726 221.1393737793
48.972538585658 8.4789228672894 221.17237854004
48.972535589334 8.4789372620388 221.19471740723
48.97253235972 8.4789516830658 221.21321105957
48.972528497689 8.4789676318617 221.22760009766
48.972524773997 8.4789821557065 221.24502563477
48.972520768192 8.4789967580371 221.26107788086
48.972516108106 8.479012894943 221.27265930176
48.972511614195 8.4790275813312 221.2834777832
48.972506494385 8.479043662625 221.298828125
48.972501571143 8.4790582693288 221.31170654297
48.972496453263 8.4790728225144 221.32548522949
48.972490523894 8.4790888060502 221.3408203125
48.972484879467 8.4791033248192 221.35366821289
48.972479019042 8.479117804222 221.37196350098
48.972472293109 8.4791336196133 221.40100097656
48.972465962049 8.4791479503845 221.4261932373
48.972458706617 8.4791636396287 221.45932006836
48.972451905725 8.479177851783 221.49449157715
48.972444879207 8.4791919772142 221.53927612305
48.972436921645 8.4792074723313 221.5923614502
48.972429415803 8.4792214904498 221.65286254883
48.972421704317 8.4792353826794 221.71365356445
48.972412988219 8.4792505028043 221.77801513672
48.972404880098 8.4792641179383 221.83767700195
48.972395751685 8.4792790243095 221.91273498535
48.972387253363 8.4792924794427 221.9776763916
48.972378554325 8.4793057891012 222.03779602051
48.972368725469 8.479320223564 222.10781860352
48.972359561545 8.4793331676184 222.17727661133
48.972350193295 8.4793459697548 222.25277709961
48.972339676431 8.4793597875701 222.33937072754
48.972329870877 8.4793722146284 222.42819213867
48.972318858941 8.4793855181859 222.5340423584
48.972308576407 8.47939736791 222.63212585449
48.97229807096 8.4794087968498 222.73324584961
48.972286225552 8.4794209563989 222.84979248047
48.972275215015 8.4794315218414 222.95664978027
48.97226284021 8.4794426831831 223.0806427002
48.972251384868 8.4794523090215 223.19618225098
48.972239738491 8.4794614922716 223.31462097168
48.972226690449 8.4794710762392 223.45442199707
48.972214677363 8.4794793223154 223.58731079102
48.972202492543 8.4794871724665 223.72473144531
48.972188947289 8.4794952536313 223.8758392334
48.972176483489 8.4795022014756 224.01422119141
48.972162647916 8.4795093572196 224.16703796387
48.972149940364 8.4795154939574 224.31076049805
48.972137152066 8.4795212178123 224.45959472656
48.972122974472 8.4795270990609 224.63346862793
48.972110020685 8.4795320376574 224.79000854492
48.97209706067 8.4795365995035 224.94520568848
48.972082827477 8.4795411400979 225.1155090332
48.972069941568 8.4795448023881 225.26657104492
48.972055839573 8.4795483154183 225.42692565918
48.972043086975 8.4795510359404 225.57211303711
48.972030369972 8.4795533412645 225.72059631348
48.972016476775 8.4795553681801 225.88290405273
48.972003916144 8.4795567485011 226.02590942383
48.971991457974 8.4795576536743 226.16479492188
48.971977861209 8.4795581473232 226.31202697754
48.971965620533 8.4795580999388 226.44032287598
48.97195348988 8.4795576361819 226.5666809082
48.971940289673 8.4795566253333 226.70259094238
48.971928422466 8.4795552835597 226.8254699707
48.971915525644 8.4795533836241 226.95837402344
48.971903932722 8.47955128296 227.07769775391
48.971892490911 8.4795488436378 227.1921081543
48.971880103525 8.4795457794188 227.31771850586
48.971868999378 8.4795426818295 227.4376373291
48.97185805077 8.479539302528 227.56785583496
48.971846180865 8.4795352950215 227.71765136719
48.971835551977 8.4795313328063 227.85110473633
48.971824000614 8.4795266670533 227.99783325195
48.97181365136 8.4795221110061 228.12977600098
48.971803423197 8.4795173085481 228.25846862793
48.971792349397 8.4795117094169 228.39747619629
48.971782413837 8.4795064087797 228.52146911621
48.971772629807 8.4795008993749 228.64302062988
48.971762050202 8.4794945718444 228.78454589844
48.971752619237 8.4794885867493 228.91485595703
48.971742409322 8.4794818195026 229.05062866211
48.971733307886 8.479475545204 229.17008972168
48.971724359677 8.4794691712834 229.28164672852
48.971714687384 8.4794620908143 229.39916992188
48.971706034868 8.4794556221528 229.50468444824
48.971697512533 8.4794491557335 229.61346435547
48.971688287949 8.4794420316952 229.73248291016
48.971679980812 8.4794355321093 229.83990478516
48.97167094682 8.4794283581274 229.97486877441
48.971662816423 8.4794218247478 230.09185791016
48.971654773606 8.4794153367827 230.19309997559
48.971646014664 8.4794082645424 230.2951965332
48.971638110073 8.4794019009107 230.38710021973
48.971630253791 8.4793955833717 230.48262023926
48.971621660852 8.4793887179681 230.59039306641
48.97161388861 8.4793825296655 230.685546875
48.971605376381 8.4793758531985 230.79214477539
48.971597660357 8.4793698472168 230.88874816895
48.971589962316 8.4793638914371 230.98849487305
48.971581506898 8.4793574498568 231.10160827637
48.971573834124 8.4793516687316 231.20211791992
48.971566159134 8.4793460090865 231.29817199707
48.971557698601 8.4793398859874 231.40632629395
48.971550007676 8.479334430491 231.50639343262
48.971541540414 8.4793285384418 231.61434936523
48.971533842374 8.4793232778584 231.71226501465
48.971526141483 8.4793181189948 231.80824279785
48.971517675186 8.4793125603087 231.90783691406
48.971509975525 8.4793075705885 231.9987487793
48.971502267315 8.4793026850164 232.09321594238
48.97149377731 8.4792974434748 232.19773864746
48.971486057061 8.4792927435149 232.29498291016
48.971478326532 8.4792881531687 232.39582824707
48.971469810258 8.479283207289 232.50189208984
48.97146206749 8.4792788061463 232.59524536133
48.971453546789 8.479274037835 232.693359375
48.971445798804 8.4792697952307 232.7840423584
48.971438058347 8.4792656239473 232.87538146973
48.97142955187 8.4792611862985 232.97340393066
48.971421846664 8.479257277926 233.0609588623
48.971413365715 8.4792531417655 233.16096496582
48.971405601826 8.4792494947628 233.25282287598
48.971397795108 8.4792458815522 233.34248352051
48.971389157141 8.4792419397631 233.43536376953
48.971381242742 8.4792383433795 233.52233886719
48.971373288101 8.4792347597419 233.61148071289
48.971364471941 8.4792308019805 233.7141418457
48.971356435737 8.4792272281416 233.80688476562
48.971347534359 8.4792232955085 233.91363525391
48.971339412257 8.4792198179824 234.01609802246
48.971331254884 8.4792163609907 234.1197052002
48.971322258705 8.4792125429928 234.2353515625
48.971314055243 8.4792091099301 234.33190917969
48.971305831555 8.4792056820243 234.42495727539
48.971296762164 8.4792019969155 234.53343200684
48.971288487028 8.4791987526775 234.63269042969
48.971279388417 8.4791952900484 234.7393951416
48.971271117723 8.4791922731993 234.837890625
48.971262828101 8.4791893895017 234.93399047852
48.971253679022 8.4791863563155 235.04081726074
48.97124534664 8.4791837914205 235.14224243164
48.971236995665 8.4791813562845 235.24147033691
48.971227802419 8.4791788474884 235.34591674805
48.971219425719 8.47917673749 235.44012451172
48.971210207093 8.4791745476181 235.54811096191
48.971201814278 8.4791727004065 235.65034484863
48.971193419053 8.4791709746837 235.75178527832
48.97118416663 8.4791692529488 235.86219787598
48.971175748829 8.4791678054846 235.96192932129
48.971167329538 8.4791664733245 236.06137084961
48.971158090347 8.4791651235892 236.16697692871
48.971149711412 8.4791640109014 236.26268005371
48.97114051237 8.4791628949572 236.36457824707
48.971132194922 8.479162021435 236.46185302734
48.971123901634 8.4791612618712 236.55841064453
48.971114837863 8.4791605356281 236.6609954834
48.971106616243 8.479159981357 236.75564575195
48.971097596932 8.479159562635 236.85456848145
48.971089425784 8.4791593003549 236.93943786621
48.971081273193 8.479159143269 237.02119445801
48.971072342826 8.4791591411414 237.11212158203
48.971064236582 8.4791592370263 237.1951751709
48.971056155122 8.4791594464277 237.27401733398
48.971047267462 8.4791597908951 237.35780334473
48.971039249189 8.4791602355038 237.43322753906
48.97103120358 8.4791607778452 237.50985717773
48.971022359293 8.4791615139638 237.59451293945
48.971014301295 8.479162316012 237.67176818848
48.97100543069 8.4791633091702 237.75341796875
48.970997334659 8.4791642848788 237.82586669922
48.970989205452 8.4791656260483 237.90742492676
48.970980231846 8.4791673424465 237.9997253418
48.970972065299 8.4791687817634 238.07670593262
48.970963070769 8.4791704253941 238.15808105469
48.970954888776 8.4791718246746 238.22625732422
48.970946676872 8.4791732692528 238.29852294922
48.970937624811 8.479174733787 238.37861633301
48.970929379807 8.4791761030426 238.45463562012
48.970921126894 8.4791774356623 238.52577209473
48.970912040364 8.479178948801 238.60018920898
48.970903759037 8.4791803298728 238.66413879395
48.970894628167 8.4791818858837 238.72998046875
48.970886295716 8.479183269162 238.78518676758
48.970877945017 8.4791846601756 238.84170532227
48.970868698024 8.4791861748566 238.90776062012
48.970860244233 8.4791875223669 238.96429443359
48.970851776592 8.4791888860787 239.01960754395
48.97084247514 8.4791903681876 239.0758972168
48.970834003297 8.4791917223055 239.12637329102
48.970824704638 8.4791932210469 239.17938232422
48.97081625683 8.4791945761426 239.22956848145
48.970807826264 8.4791959684505 239.27635192871
48.970798563352 8.4791975262497 239.3246307373
48.970790155945 8.4791989800369 239.3675994873
48.970781750271 8.479200440735 239.40864562988
48.970772497936 8.4792020759084 239.45365905762
48.970761608672 8.4792041014479 239.50163269043
48.970754920227 8.4792054185953 239.52793884277
48.970746595867 8.4792071619283 239.55917358398
48.970738264819 8.4792090163142 239.58990478516
48.970729122886 8.4792111245221 239.62103271484
48.970720814065 8.4792131245926 239.65267944336
48.970712525258 8.4792152312233 239.67922973633
48.970703406411 8.4792176524265 239.70051574707
48.970695124442 8.4792200167113 239.7202911377
48.970686005743 8.4792227900962 239.74249267578
48.970677710774 8.4792254878012 239.76263427734
48.970669402405 8.4792283327182 239.7848815918
48.970660245868 8.4792316638624 239.80563354492
48.970651910193 8.4792348503955 239.82232666016
48.970643540037 8.4792381924431 239.83668518066
48.970634320876 8.47924209342 239.85406494141
48.970625916498 8.479245807718 239.86779785156
48.970616670445 8.4792500648837 239.87602233887
48.970608242706 8.4792541132534 239.87559509277
48.970599815821 8.4792583274201 239.87533569336
48.970590547167 8.4792632150776 239.87518310547
48.970582128079 8.479267881228 239.8761138916
48.970573720449 8.4792727416225 239.87120056152
48.970564482126 8.479278336128 239.86058044434
48.970556095093 8.4792835912221 239.85244750977
48.970547716138 8.4792890602901 239.84199523926
48.970538529576 8.4792953124725 239.83056640625
48.97053018756 8.4793012208365 239.81591796875
48.970521033533 8.479307927531 239.80206298828
48.970512725289 8.4793141872073 239.78617858887
48.970504413898 8.4793205425127 239.77178955078
48.970495272297 8.4793277212467 239.75799560547
48.97048697053 8.4793344210732 239.74696350098
48.970477865972 8.4793419719451 239.72743225098
48.970469586428 8.4793489518989 239.70635986328
48.970461307726 8.4793560644372 239.68476867676
48.970452194682 8.4793640109743 239.66264343262
48.970443903811 8.4793713066341 239.63662719727
48.970435608374 8.479378676947 239.61087036133
48.970426440841 8.4793868324612 239.59034729004
48.970418095696 8.479394317637 239.57841491699
48.970408858412 8.4794025706747 239.56860351562
48.970400441101 8.4794101151381 239.55804443359
48.970392000792 8.4794176686675 239.54797363281
48.970382696411 8.4794260206258 239.53440856934
48.970374213066 8.4794336402149 239.52513122559
48.970365700748 8.4794412692408 239.51794433594
48.970356335891 8.4794497118387 239.51257324219
48.970347836029 8.4794574282484 239.50868225098
48.970338530375 8.4794659849872 239.50199890137
48.970330105879 8.4794738088441 239.49742126465
48.97032170786 8.4794817275574 239.49374389648
48.970312570873 8.4794905986636 239.48977661133
48.970304351724 8.4794987878311 239.48391723633
48.970296213781 8.4795071294894 239.47700500488
48.970287365469 8.479516482879 239.47265625
48.970279426669 8.4795251351566 239.46803283691
48.970270791087 8.4795347736846 239.45764160156
48.97026303942 8.4795436764932 239.44786071777
48.970255384513 8.4795527240079 239.43884277344
48.970247097922 8.4795628543475 239.42765808105
48.970239680388 8.4795722063015 239.4156036377
48.970232370147 8.4795817035516 239.40315246582
48.970224417758 8.4795922925978 239.39128112793
48.970217251313 8.4796020181752 239.38081359863
48.970209408387 8.4796127429555 239.36715698242
48.970202298434 8.47962253576 239.35717773438
48.970195214623 8.4796323460318 239.34696960449
48.970187466382 8.4796431776135 239.33746337891
48.970180469125 8.4796530735762 239.32887268066
48.970173511103 8.4796630208415 239.3210144043
48.970165905994 8.4796740262798 239.31452941895
48.9701590579 8.4796840964252 239.30867004395
48.970151548223 8.4796952109436 239.30812072754
48.970144799374 8.4797053888853 239.30738830566
48.970138121155 8.4797156483348 239.30520629883
48.970130853064 8.4797269404149 239.29557800293
48.970124290609 8.4797372283361 239.29026794434
48.97011775955 8.4797475138141 239.28524780273
48.970110638337 8.4797588021925 239.28282165527
48.970104262428 8.4797690532851 239.28092956543
48.970097348298 8.4797802579149 239.28103637695
48.970091103403 8.4797902557385 239.28036499023
48.970084872274 8.4798000487259 239.27880859375
48.970078023435 8.4798105240241 239.27827453613
48.97007181302 8.4798197906122 239.2777557373
48.970065033101 8.4798296775933 239.27735900879
48.970058914544 8.4798384533589 239.27490234375
48.970052848799 8.4798470881127 239.27018737793
48.970046180553 8.4798564527465 239.26644897461
48.970040163943 8.4798649668202 239.2640838623
48.970034178513 8.4798734527376 239.26356506348
48.970027678953 8.4798828421835 239.25964355469
48.970021842074 8.4798914347832 239.25489807129
48.970016094438 8.4799001015512 239.25199890137
48.970009904319 8.4799097231441 239.24989318848
48.970004387648 8.4799185337767 239.24909973145
48.969998476217 8.4799283884419 239.24642944336
48.969993251453 8.4799374974995 239.24351501465
48.969988213868 8.4799467713454 239.24084472656
48.969982842192 8.4799571234188 239.2407989502
48.969978162203 8.4799667659904 239.23670959473
48.969973644076 8.4799766117728 239.23414611816
48.969968880972 8.4799876710576 239.23574829102
48.969964736316 8.4799979001927 239.23965454102
48.96996042503 8.4800093327334 239.2424621582
48.969956723397 8.480019941326 239.24922180176
48.969953199658 8.4800307381628 239.25564575195
48.969949582664 8.4800428466367 239.2650604248
48.969946450465 8.480054043251 239.27481079102
48.969943456911 8.4800654388736 239.28207397461
48.969940302839 8.4800781723672 239.29766845703
48.969937479701 8.4800898744065 239.30322265625
48.969934406511 8.4801028760708 239.29670715332
48.969931594003 8.4801148158006 239.29537963867
48.969928748327 8.4801268973909 239.30387878418
48.969925563667 8.4801402922129 239.3211517334
48.969922593144 8.4801525390284 239.3376159668
48.969919258314 8.4801660840262 239.35464477539
48.969916162952 8.4801785324839 239.36836242676
48.96991301468 8.4801911109219 239.38325500488
48.969909488316 8.480205112962 239.40577697754
48.969906240799 8.4802179970777 239.43218994141
48.969902633777 8.4802323372268 239.46307373047
48.969899319176 8.4802455027028 239.48902893066
48.969895967711 8.4802587908404 239.51223754883
48.96989226026 8.4802735508115 239.5375213623
48.969888875031 8.4802870657907 239.56103515625
48.969885116038 8.4803020684461 239.58857727051
48.969881678165 8.4803157280779 239.61956787109
48.96987821623 8.4803294795111 239.65382385254
48.969874410825 8.4803446634806 239.69799804688
48.969870990724 8.4803585081747 239.74026489258
48.969867641577 8.4803723643448 239.7813873291
48.969864026716 8.4803876584469 239.82643127441
48.969860849329 8.4804016145805 239.86727905273
48.969857464235 8.4804170298018 239.91409301758
48.969854481746 8.4804310815604 239.95866394043
48.969851583525 8.4804451583861 240.00421142578
48.969848503939 8.4804606499775 240.05291748047
48.969845803129 8.4804747230758 240.09672546387
48.96984321002 8.4804887966621 240.13941955566
48.969840448911 8.4805042662185 240.19003295898
48.969838002261 8.4805183082746 240.24102783203
48.96983537041 8.480533726623 240.30003356934
48.969833053858 8.4805477300079 240.35244750977
48.969830784692 8.4805617419482 240.40397644043
48.969828342791 8.480577152056 240.4627532959
48.969826207979 8.4805912043634 240.51371765137
48.969824119596 8.4806052869802 240.56741333008
48.969821898434 8.4806208242878 240.63664245605
48.969819542811 8.4806378441661 240.70231628418
48.969817811928 8.4806506491169 240.75177001953
48.969815900847 8.4806648737143 240.80975341797
48.969814013715 8.480679140018 240.86807250977
48.969811978456 8.4806948543874 240.93081665039
48.969810123636 8.4807091738907 240.98008728027
48.969808274331 8.4807235108435 241.02801513672
48.969806223465 8.4807393240559 241.07919311523
48.969804368025 8.4807537360432 241.12504577637
48.969802345452 8.4807696345373 241.17481994629
48.969800518701 8.4807841152063 241.22148132324
48.969798705966 8.4807986252951 241.26840209961
48.969796739425 8.4808145992661 241.3211517334
48.969794957849 8.4808291068906 241.36714172363
48.969793020256 8.4808450609793 241.41607666016
48.969791272556 8.4808595456957 241.45809936523
48.969789539409 8.4808739823647 241.49810791016
48.9697876032 8.4808898355632 241.53784179688
48.969785829204 8.4809042512507 241.57345581055
48.969784023018 8.4809186165323 241.61192321777
48.96978202196 8.4809343866927 241.65266418457
48.969780217891 8.4809487061731 241.68682861328
48.969778207027 8.480964426146 241.7227935791
48.969776361962 8.4809786384277 241.75480651855
48.969774487937 8.4809927750074 241.78694152832
48.969772438886 8.4810082780467 241.82122802734
48.969770545288 8.4810223081057 241.85520935059
48.969768663536 8.4810362768896 241.88500976562
48.969766593167 8.4810515822388 241.91217041016
48.969764726886 8.4810654244706 241.93389892578
48.969762648675 8.4810805656686 241.9561920166
48.969760774849 8.481094271902 241.97640991211
48.96975888391 8.4811078960288 241.99639892578
48.969756801362 8.4811228008998 242.01696777344
48.969754922864 8.4811362875618 242.0380859375
48.969753031554 8.4811497034869 242.0601348877
48.969751000017 8.481164375451 242.08265686035
48.969749155494 8.4811776336104 242.10108947754
48.969747161042 8.4811921323783 242.11734008789
48.969745352894 8.4812052304781 242.13241577148
48.969743565195 8.4812182720067 242.14625549316
48.9697415966 8.4812325462168 242.15927124023
48.969739826786 8.4812454374642 242.17102050781
48.969738092113 8.4812582584744 242.17922973633
48.9697362286 8.4812723158872 242.17922973633
48.9697345397 8.4812850487774 242.18031311035
48.96973268599 8.4812989845369 242.18067932129
48.969731006747 8.4813115715228 242.18310546875
48.969729417586 8.4813241327054 242.18264770508
48.969727641495 8.4813378505938 242.18278503418
48.969726044093 8.4813502873095 242.1813659668
48.969724456551 8.4813626640649 242.17654418945
48.969722696423 8.4813763019739 242.16932678223
48.969721136469 8.4813885978472 242.15774536133
48.96971958697 8.4814008401955 242.14479064941
48.969717890576 8.4814142608572 242.13423156738
48.969716375418 8.4814264160375 242.12275695801
48.969714727106 8.4814397129721 242.11036682129
48.969713261919 8.4814517103533 242.09660339355
48.969711832471 8.481463614636 242.08470153809
48.969710262678 8.4814765505059 242.07119750977
48.969708808414 8.4814881880791 242.05793762207
48.969707370426 8.4814996818824 242.04467773438
48.969705819008 8.4815121756305 242.03140258789
48.969704435128 8.481523337675 242.01698303223
48.969702946878 8.4815354321847 241.9991607666
48.969701612345 8.4815462264224 241.98336791992
48.969700299973 8.4815568757306 241.96923828125
48.969698875021 8.4815684596191 241.95407104492
48.969697573958 8.4815789104792 241.94219970703
48.969696274454 8.4815893029211 241.92921447754
48.969694834252 8.4816006821087 241.916015625
48.969693523869 8.4816110273289 241.90521240234
48.9696920381 8.4816223544328 241.89335632324
48.969690647496 8.4816326499655 241.88423156738
48.969689224791 8.4816429112072 241.87440490723
48.969687596709 8.4816541799644 241.86457824707
48.969686029062 8.4816643844693 241.85592651367
48.969684203382 8.4816755597658 241.84321594238
48.96968242862 8.4816856450456 241.82466125488
48.969680557693 8.4816956855083 241.80187988281
48.969678333942 8.4817066545542 241.77320861816
48.969676138005 8.4817165357545 241.74992370605
48.969673505611 8.4817273280358 241.71949768066
48.969670950387 8.4817370357308 241.68772888184
48.969668229934 8.4817466509223 241.65672302246
48.969665067071 8.4817571137548 241.62333679199
48.969662026404 8.4817665469301 241.59526062012
48.969658797841 8.4817758548934 241.56707763672
48.969655050882 8.4817859836522 241.53494262695
48.96965145799 8.4817950697608 241.50192260742
48.96964732932 8.481804964299 241.46382141113
48.969643401419 8.481813848833 241.42767333984
48.969639303408 8.4818226101763 241.39085388184
48.969634609922 8.4818321207852 241.34928894043
48.969630192718 8.4818406507518 241.30979919434
48.969625151768 8.4818498854476 241.26406860352
48.969620453178 8.4818581953429 241.22215270996
48.969615615079 8.4818664051935 241.18215942383
48.969610168203 8.4818753221423 241.13591003418
48.969605084312 8.4818833422047 241.09327697754
48.96959988044 8.4818912466615 241.05049133301
48.969594014691 8.4818998216763 241.00527954102
48.96958856093 8.4819074844309 240.96388244629
48.969582407356 8.4819157604894 240.91821289062
48.969576676619 8.4819231326765 240.87791442871
48.969570876282 8.4819304068088 240.83604431152
48.969564370704 8.4819382214338 240.78533935547
48.969558359726 8.4819451781471 240.7349395752
48.969552261132 8.4819520379919 240.68992614746
48.969545468319 8.4819594410968 240.6374206543
48.969539177082 8.4819659958783 240.59210205078
48.969532762706 8.4819723382063 240.55186462402
48.969525572484 8.4819790717867 240.50932312012
48.969518947951 8.4819849804781 240.46484375
48.969511555152 8.4819912041752 240.41461181641
48.969504752612 8.4819965617299 240.36700439453
48.969497864601 8.4820016373057 240.31915283203
48.969490196866 8.4820068484631 240.26554870605
48.969483191895 8.4820112917739 240.21621704102
48.969476139364 8.4820154119289 240.1683807373
48.969468348839 8.4820196166113 240.11383056641
48.969461187621 8.4820231691544 240.06448364258
48.969453254116 8.4820267933023 240.00674438477
48.969445958787 8.4820298657809 239.95468139648
48.969438619791 8.4820327833982 239.90202331543
48.969430489767 8.4820357822711 239.84219360352
48.969423050523 8.4820383005381 239.77960205078
48.969415546894 8.4820406145344 239.71469116211
48.969407204579 8.4820429207468 239.64945983887
48.969399563018 8.4820448230493 239.59194946289
48.969391102211 8.4820466587087 239.51927185059
48.969383365142 8.4820480634899 239.44888305664
48.969375584309 8.4820492190768 239.37477111816
48.969366972931 8.4820501596836 239.29086303711
48.969359101041 8.482050743067 239.21527099609
48.969351179513 8.4820509934124 239.14247131348
48.96934242256 8.482050950308 239.05851745605
48.969334405052 8.4820506126214 238.98004150391
48.969325536305 8.4820499118948 238.89270019531
48.96931743623 8.482048951797 238.81048583984
48.969309305151 8.4820476960732 238.7272644043
48.969300330878 8.4820459218159 238.6372833252
48.969292146477 8.4820439798077 238.55590820312
48.96928394982 8.4820416902423 238.47477722168
48.96927492484 8.4820387925505 238.38417053223
48.969266732204 8.4820357861895 238.30094909668
48.969257738181 8.4820320434968 238.20523071289
48.969249572956 8.482028280568 238.11741638184
48.969241432093 8.4820241884376 238.02691650391
48.969232512 8.4820193169604 237.92340087891
48.969224425823 8.4820145364047 237.82946777344
48.969216363226 8.4820094364066 237.7378692627
48.96920751893 8.4820034266903 237.63812255859
48.969199519424 8.4819976313387 237.5467376709
48.969191594461 8.4819915069662 237.44990539551
48.969182924663 8.4819844437506 237.34048461914
48.969175096606 8.4819776829351 237.24002075195
48.969166565758 8.4819698955974 237.12887573242
48.96915890072 8.4819624375231 237.02963256836
48.969151328776 8.4819546566137 236.93110656738
48.969143078694 8.4819457478971 236.82250976562
48.969135685995 8.4819373234703 236.72264099121
48.969128386941 8.4819286334011 236.61938476562
48.969120441337 8.481918760826 236.50694274902
48.969113291326 8.4819094820024 236.4097442627
48.969105518206 8.4818989677298 236.30171203613
48.969098565001 8.4818891698045 236.2017364502
48.969091723492 8.4818790918174 236.10475158691
48.969084317522 8.4818677171708 236.00289916992
48.969077692393 8.4818570927584 235.91345214844
48.969071187926 8.481846236266 235.81887817383
48.969064172758 8.4818340272633 235.71180725098
48.969057925063 8.481822698699 235.61567687988
48.96905177157 8.4818111853297 235.51792907715
48.969045080449 8.4817983283286 235.40679931641
48.96903907226 8.4817864829877 235.3084564209
48.969032511161 8.481773302995 235.20262145996
48.969026560773 8.4817612374942 235.10424804688
48.969020601131 8.4817490929224 235.00233459473
48.969014011997 8.4817356682201 234.8888092041
48.969007981267 8.4817233983418 234.78225708008
48.96900192727 8.4817110660815 234.67362976074
48.968995224758 8.4816974234055 234.55171203613
48.968989158717 8.4816849306821 234.4366607666
48.968982456288 8.481671124628 234.30523681641
48.968976350713 8.4816584824161 234.1875
48.968970217166 8.4816457594489 234.07250976562
48.968963441723 8.481631681691 233.94799804688
48.968957243229 8.4816187901966 233.83540344238
48.968951032172 8.4816058295843 233.72106933594
48.968944169684 8.4815915179699 233.58993530273
48.96893791218 8.4815784337626 233.4666595459
48.968931025453 8.4815639374532 233.32841491699
48.968924739788 8.4815506905388 233.20097351074
48.968918440548 8.4815373689873 233.07263183594
48.968911489042 8.4815226324398 232.93006896973
48.968905127536 8.4815091574592 232.80406188965
48.968898715851 8.4814956156066 232.67910766602
48.968891600695 8.4814806800555 232.53704833984
48.968885098569 8.4814670359016 232.40255737305
48.968877920695 8.4814519176298 232.25923156738
48.968871345748 8.4814380876493 232.13163757324
48.968864709999 8.4814241516143 232.01039123535
48.968857368945 8.4814087012211 231.87617492676
48.968850668132 8.4813946074742 231.74597167969
48.968843939617 8.4813804520484 231.61134338379
48.968836495988 8.4813647862073 231.46641540527
48.968829688241 8.4813504542273 231.33604431152
48.968822161725 8.4813346114684 231.18995666504
48.968815300531 8.4813201170553 231.05543518066
48.968808408961 8.4813055530416 230.92121887207
48.968800783419 8.4812894444913 230.77362060547
48.968793827063 8.4812747215368 230.63890075684
48.968786824167 8.481259954635 230.50132751465
48.968779087443 8.4812436454744 230.34642028809
48.968772008733 8.4812287967651 230.20141601562
48.968764899784 8.4812138901727 230.06130981445
48.968757068667 8.4811974846428 229.90800476074
48.968749980883 8.4811825106888 229.76654052734
48.968742198683 8.4811659995896 229.6135559082
48.968735129309 8.4811509456288 229.47747802734
48.96872804953 8.4811358775512 229.34265136719
48.96872025667 8.4811193196803 229.19277954102
48.968713174748 8.481104259811 229.05590820312
48.968706105077 8.4810891997048 228.91847229004
48.968698309012 8.4810726512316 228.76536560059
48.968691236622 8.4810575907249 228.62727355957
48.968683455082 8.4810410278134 228.47593688965
48.968676375812 8.4810259950298 228.33848571777
48.96866929011 8.4810109700034 228.20204162598
48.968661427998 8.4809944885213 228.05665588379
48.968654264593 8.4809795269234 227.92260742188
48.968647139035 8.480964619765 227.77415466309
48.968639318152 8.4809482923779 227.61117553711
48.968632236092 8.4809334256584 227.47229003906
48.968624430068 8.4809171491664 227.32356262207
48.96861731726 8.4809024100141 227.19093322754
48.968610201607 8.4808877042655 227.06005859375
48.968602381667 8.4808715528016 226.91484069824
48.968595286475 8.4808569007025 226.77679443359
48.968588171789 8.48084228183 226.63627624512
48.968580372958 8.4808261995813 226.48330688477
48.968573304187 8.4808115681822 226.34744262695
48.968565560726 8.4807955077666 226.20393371582
48.968558552445 8.4807809301935 226.07615661621
48.968551583844 8.4807663774563 225.94706726074
48.968543961114 8.4807504013831 225.80250549316
48.968537098701 8.4807358756585 225.66999816895
48.968530291323 8.4807213698663 225.53280639648
48.968522875799 8.4807054114729 225.38493347168
48.968516175225 8.4806909270779 225.2523651123
48.96850884276 8.4806750071801 225.11277770996
48.968502261431 8.4806605445192 224.9857635498
48.968495735024 8.4806461549544 224.85943603516
48.968488646988 8.4806304254318 224.71966552734
48.968482316182 8.4806162792621 224.59455871582
48.968476086685 8.4806022838206 224.47129821777
48.968469370138 8.4805870913628 224.33950805664
48.968463373111 8.4805734823149 224.21871948242
48.968456896549 8.4805587469683 224.08636474609
48.968451107805 8.4805455583033 223.96731567383
48.968445429423 8.4805325596799 223.85195922852
48.968439298146 8.4805185156418 223.73017883301
48.968433832306 8.4805059775829 223.62062072754
48.968428455903 8.4804936942729 223.51284790039
48.968422643288 8.4804804684741 223.39567565918
48.968417412217 8.4804687059253 223.29153442383
48.968412195677 8.4804571445328 223.1890411377
48.96840643702 8.4804446549456 223.07649230957
48.968401154304 8.4804335037764 222.97422790527
48.968395293234 8.4804214923492 222.86140441895
48.968389874952 8.4804108561483 222.7583770752
48.968384380802 8.4804004700885 222.65853881836
48.968378254393 8.4803892557288 222.55155944824
48.968372614421 8.4803793028186 222.45489501953
48.968366825812 8.4803694848621 222.36064147949
48.968360341462 8.4803588563834 222.2582244873
48.968354283419 8.4803494230509 222.1626739502
48.968347515383 8.4803392392487 222.05838012695
48.968341229611 8.4803301611944 221.96162414551
48.968334835575 8.4803213255838 221.85820007324
48.968327710158 8.4803119050593 221.7420501709
48.968321117983 8.48030360164 221.6353302002
48.968314366849 8.4802955490383 221.53009033203
48.968306812064 8.4802868220147 221.41624450684
48.968299830113 8.4802791117731 221.3112487793
48.968292022168 8.480270871357 221.19528198242
48.968284779525 8.4802636508767 221.09178161621
48.968277350202 8.4802566959381 220.99411010742
48.968268991304 8.4802493604435 220.89149475098
48.968261252549 8.4802430049812 220.79792785645
48.968253338989 8.4802369074276 220.70471191406
48.968244415734 8.4802305851209 220.60308837891
48.968236172681 8.4802252017817 220.50773620605
48.968227785436 8.4802201643585 220.41194152832
48.968218464841 8.4802150604696 220.29844665527
48.968209829504 8.4802107939716 220.19226074219
48.968200214018 8.4802064648145 220.08197021484
48.968191338497 8.4802029751688 219.98233032227
48.96818234229 8.4801998545366 219.88577270508
48.968172303205 8.4801967578682 219.78498840332
48.968163102274 8.4801943379167 219.69194030762
48.968153818513 8.4801922653432 219.59815979004
48.968143511266 8.480190475131 219.48942565918
48.968134096904 8.480189221447 219.38871765137
48.968123633839 8.480188286652 219.28579711914
48.968114070865 8.4801878187965 219.19395446777
48.968104446668 8.4801877277083 219.10018920898
48.968093836381 8.4801880375522 218.99183654785
48.968084146379 8.4801886614659 218.88697814941
48.968074461528 8.4801896228217 218.77697753906
48.968063777508 8.4801910831805 218.65536499023
48.96805404558 8.4801927905315 218.54261779785
48.968043384244 8.4801950759316 218.41511535645
48.968033623754 8.4801974101875 218.29901123047
48.968023858483 8.4802000088922 218.18226623535
48.968013154478 8.4802031260663 218.05238342285
48.96800336841 8.4802061415637 217.93531799316
48.967992595705 8.4802096948094 217.8060760498
48.967982786888 8.4802131183687 217.68962097168
48.96797296827 8.4802167069907 217.57707214355
48.967962138601 8.4802208487446 217.46235656738
48.967952274543 8.4802247091111 217.36624145508
48.967942503996 8.4802286596124 217.2664642334
48.967931799358 8.4802331003679 217.15562438965
48.967922091268 8.4802371761471 217.05249023438
48.967911416567 8.4802417295771 216.93598937988
48.967901738538 8.480245882034 216.82832336426
48.967892094497 8.480250083684 216.71731567383
48.967881514736 8.4802547010463 216.59878540039
48.967871952513 8.4802589655375 216.49557495117
48.967861514162 8.480263711435 216.38603210449
48.967852115551 8.4802679390219 216.29084777832
48.96784283884 8.4802721255646 216.19619750977
48.967832709953 8.4802766366803 216.09158325195
48.967823583487 8.4802806358607 215.9967956543
48.967814618521 8.4802844991286 215.89779663086
48.967804890917 8.4802885332064 215.79293823242
48.967796143846 8.4802920163586 215.6978302002
48.967786685689 8.4802957110465 215.59281921387
48.967778179339 8.4802988123386 215.50668334961
48.96776979104 8.4803016887585 215.42349243164
48.967760730188 8.4803045874539 215.33599853516
48.967752596776 8.480307004059 215.26084899902
48.967743796257 8.4803094115652 215.1826171875
48.967735994427 8.4803112965464 215.1121673584
48.96772835713 8.4803129699009 215.04374694824
48.967720158269 8.4803145606455 214.96923828125
48.967712851742 8.4803158438437 214.90893554688
48.967704959704 8.4803171041566 214.84571838379
48.967697911296 8.4803179819917 214.80349731445
48.96769093213 8.4803186239699 214.77732849121
48.967683392093 8.480319062716 214.74667358398
48.967676643704 8.480319111129 214.71832275391
48.967669344236 8.4803187844011 214.69149780273
48.967662856972 8.4803181166732 214.65811157227
48.967656360541 8.4803170771882 214.62617492676
48.96764926998 8.480315468622 214.58892822266
48.967642852002 8.4803136774454 214.55836486816
48.967635889645 8.4803112880178 214.52937316895
48.967629571719 8.4803086808105 214.5124206543
48.967623329244 8.480305656818 214.50103759766
48.967616605918 8.4803020210823 214.48950195312
48.967610661519 8.4802983887139 214.47007751465
48.967604252124 8.4802939134732 214.44178771973
48.967598685213 8.4802893552237 214.40556335449
48.967593192328 8.4802845116229 214.37121582031
48.967587296987 8.4802787672937 214.33801269531
48.967582082086 8.480273112954 214.30923461914
48.967576542267 8.4802665938729 214.27378845215
48.967571602093 8.4802604911731 214.24740600586
48.967566755379 8.4802541608491 214.22184753418
48.967561611011 8.4802469114763 214.18446350098
48.96755701652 8.4802401435574 214.15057373047
48.967552506023 8.4802332189504 214.11175537109
48.967547581677 8.4802254430903 214.06623840332
48.967543213638 8.4802181746844 214.02473449707
48.967538404443 8.4802100659187 213.98432922363
48.96753414422 8.4802025369129 213.94317626953
48.967529937374 8.4801948928284 213.90354919434
48.967525424409 8.4801863086288 213.8638458252
48.967521433726 8.4801783415585 213.83427429199
48.967517250367 8.480169423888 213.79504394531
48.967513616297 8.4801611031684 213.75436401367
48.96751013805 8.4801526047719 213.71955871582
48.96750654181 8.4801429809841 213.68884277344
48.96750351309 8.4801340426514 213.66027832031
48.967500455665 8.480124036685 213.62319946289
48.96749790527 8.4801148298132 213.58741760254
48.967495679592 8.480105529158 213.54861450195
48.967493520234 8.4800952205211 213.50849914551
48.967491924941 8.4800858312221 213.46614074707
48.967490424199 8.4800755279236 213.42654418945
48.967489401538 8.4800662210178 213.3885345459
48.967488584681 8.4800569979562 213.35311889648
48.967487885383 8.4800469163172 213.3175201416
48.967487444079 8.4800377071781 213.2858581543
48.967487132154 8.480028469526 213.25823974609
48.967486920105 8.480018308136 213.23500061035
48.967486903369 8.4800090272681 213.21572875977
48.967487089825 8.4799988116352 213.19485473633
48.967487465371 8.4799895321841 213.16918945312
48.967487963179 8.4799802721486 213.14019775391
48.967488755251 8.4799700753982 213.10847473145
48.967489740068 8.4799608200404 213.08047485352
48.967490892712 8.4799515893729 213.05279541016
48.96749233915 8.4799414921882 213.01705932617
48.967493859228 8.479932421617 212.98164367676
48.96749583239 8.4799224036821 212.95419311523
48.967497829597 8.4799133678333 212.93688964844
48.967499968816 8.4799044057643 212.91062927246
48.967502566254 8.4798946296615 212.87565612793
48.967505181027 8.4798858374353 212.83760070801
48.967508037694 8.4798770726719 212.7964630127
48.967511427435 8.4798675102507 212.75491333008
48.96751471254 8.4798589192028 212.72201538086
48.967518512694 8.4798495401985 212.68397521973
48.967522143191 8.4798410684811 212.64723205566
48.967525990795 8.4798327031705 212.60694885254
48.967530417297 8.4798235903583 212.56336975098
48.967534616197 8.4798153155444 212.52459716797
48.96753895024 8.4798070374417 212.49145507812
48.967543840216 8.4797979603672 212.46087646484
48.967548408479 8.4797897065426 212.43296813965
48.967553581163 8.4797806174686 212.41160583496
48.967558446306 8.4797723696051 212.3871307373
48.967563430973 8.4797641399662 212.35539245605
48.967569043078 8.4797550650988 212.32586669922
48.967574211632 8.4797467709501 212.29228210449
48.96757945878 8.4797384049527 212.25007629395
48.967585336682 8.4797291363513 212.20664978027
48.967590718585 8.479720590681 212.17411804199
48.967596679287 8.4797111043553 212.13882446289
48.967602148537 8.4797024117765 212.10583496094
48.967607684198 8.4796936385841 212.06723022461
48.967613882512 8.4796838963155 212.01332092285
48.967619586389 8.4796749477484 211.96383666992
48.967625351874 8.4796659054279 211.91130065918
48.967631736816 8.479655931229 211.86656188965
48.967637603252 8.4796467820093 211.82887268066
48.967644122283 8.4796366209787 211.79010009766
48.967650098581 8.4796273265814 211.75401306152
48.967656164425 8.479617998201 211.71153259277
48.967662851702 8.4796076852096 211.67384338379
48.967668971798 8.4795982885766 211.64122009277
48.967675107374 8.479588864629 211.60833740234
48.967681857832 8.4795784720002 211.5756072998
48.967688048577 8.4795690213524 211.53826904297
48.967694886794 8.4795586264065 211.48974609375
48.967701138393 8.4795492036374 211.44575500488
48.967707442704 8.4795397799162 211.40701293945
48.967714390611 8.4795294282456 211.36973571777
48.967720660387 8.4795200413522 211.33563232422
48.967726931931 8.4795106094672 211.29972839355
48.967733805173 8.4795001797813 211.25993347168
48.967740025287 8.4794906405108 211.22410583496
48.967746853942 8.4794801148792 211.18171691895
48.967753038457 8.4794705249751 211.14665222168
48.96775918383 8.4794608712242 211.11558532715
48.967765894878 8.4794502148063 211.08793640137
48.967771931983 8.4794404817261 211.06777954102
48.967777904098 8.4794306609988 211.05406188965
48.967784427635 8.4794198009674 211.04002380371
48.967790272099 8.4794098672442 211.03337097168
48.967796638195 8.4793988656225 211.01808166504
48.967802338293 8.4793888270979 211.00610351562
48.967807958775 8.4793786886021 210.98452758789
48.967814008488 8.479367396448 210.95915222168
48.967819428833 8.4793570305222 210.92411804199
48.967824719788 8.4793465227166 210.90173339844
48.967830436469 8.4793348678496 210.88174438477
48.96783554895 8.4793241786429 210.8636932373
48.967840540814 8.4793133990686 210.85089111328
48.967845919749 8.4793014493498 210.82391357422
48.967850687231 8.4792904624109 210.80065917969
48.967855821574 8.4792782589607 210.77458190918
48.967860396351 8.4792670790376 210.75085449219
48.967864886564 8.4792558266433 210.72085571289
48.967869695259 8.4792433504494 210.68927001953
48.967873944853 8.4792318989849 210.65394592285
48.967878555297 8.4792192179737 210.61222839355
48.967882659413 8.4792075972037 210.56747436523
48.96788664804 8.4791959136166 210.52325439453
48.967890904033 8.4791829892729 210.47834777832
48.967894704731 8.4791711884083 210.43984985352
48.967898401182 8.4791593117537 210.39663696289
48.967902407773 8.4791461760693 210.34378051758
48.967905953884 8.4791341582356 210.29618835449
48.967909758897 8.4791208552485 210.24534606934
48.967913144676 8.4791086664609 210.19857788086
48.967916404891 8.4790964396292 210.15264892578
48.967919900522 8.4790829492225 210.10420227051
48.967922999617 8.4790706660092 210.06416320801
48.967926014603 8.4790583531441 210.02755737305
48.967929230488 8.4790447907702 209.98750305176
48.967932074603 8.4790324485759 209.95234680176
48.967935055568 8.4790188771016 209.91827392578
48.967937734866 8.4790065561696 209.88204956055
48.967940375394 8.4789942252092 209.84521484375
48.96794317888 8.478980651404 209.80293273926
48.967945620534 8.4789683117901 209.76879882812
48.967947991881 8.4789559803977 209.73110961914
48.967950562718 8.4789424221557 209.68832397461
48.967952849905 8.4789301022056 209.64945983887
48.96795525472 8.4789166011613 209.60441589355
48.967957417164 8.478904403857 209.55485534668
48.967959519292 8.4788922969711 209.50077819824
48.967961796587 8.4788791011616 209.43908691406
48.96796377611 8.4788672213565 209.39056396484
48.967965679228 8.4788554506634 209.34257507324
48.967967646301 8.4788427220588 209.29887390137
48.967969344385 8.4788313505187 209.26272583008
48.967971063249 8.4788191244208 209.23121643066
48.967972496749 8.4788082918757 209.20501708984
48.967973888123 8.4787977550525 209.17337036133
48.967975365247 8.4787864538726 209.14019775391
48.967976635757 8.4787765329981 209.11935424805
48.967977785867 8.4787668848757 209.11366271973
48.967979003054 8.4787565985189 209.11033630371
48.967980082526 8.4787474513191 209.1103515625
48.96798134957 8.4787375120001 209.10966491699
48.967982535888 8.4787285404105 209.11312866211
48.9679837655 8.4787196214725 209.12001037598
48.96798508158 8.478709933282 209.12979125977
48.967986364705 8.4787012228285 209.12483215332
48.967987761729 8.4786917318537 209.12026977539
48.967989171476 8.4786832150651 209.11320495605
48.96799062994 8.4786747799098 209.12074279785
48.967992287277 8.478665606768 209.12954711914
48.967993944386 8.4786574003912 209.13676452637
48.967995969417 8.4786485724137 209.13969421387
48.967998012491 8.4786406773935 209.13925170898
48.968000534577 8.4786321601201 209.13059997559
48.968003034519 8.4786245838131 209.12147521973
48.968005709169 8.4786171784394 209.11283874512
48.968008907821 8.4786092475839 209.09530639648
48.968012002362 8.4786021969792 209.07182312012
48.968015698735 8.4785946566024 209.04463195801
48.968019312184 8.4785879953816 209.02420043945
48.968023208117 8.4785815128685 208.99769592285
48.968027631361 8.4785746093507 208.96376037598
48.968031927424 8.4785686040551 208.92539978027
48.96803684812 8.4785622570488 208.88545227051
48.968041548685 8.4785568074178 208.85150146484
48.968046391823 8.4785516023113 208.81845092773
48.968051900101 8.4785462096715 208.78395080566
48.968057055294 8.4785415394703 208.76043701172
48.968062928487 8.4785367201233 208.72676086426
48.968068481537 8.478532576854 208.68957519531
48.9680741996 8.4785286590596 208.65226745605
48.968080701874 8.4785245869164 208.61779785156
48.968086732379 8.4785210014559 208.59457397461
48.968092930387 8.4785175226292 208.56951904297
48.968099853556 8.4785137401439 208.54629516602
48.96810630176 8.478510414233 208.52560424805
48.9681136188 8.4785068233715 208.49517822266
48.968120362593 8.4785036758071 208.46894836426
48.968127285971 8.47850060175 208.44892883301
48.968135050845 8.4784972960419 208.42691040039
48.968142263449 8.4784942864419 208.40510559082
48.968149558448 8.4784912221377 208.38055419922
48.968157719943 8.478487703692 208.34638977051
48.968165275723 8.4784843694499 208.31146240234
48.968172933331 8.4784809767845 208.27059936523
48.968181494042 8.4784771508097 208.23039245605
48.968189305719 8.4784736742691 208.19647216797
48.968198050121 8.4784697221836 208.15731811523
48.968206109886 8.4784661283009 208.11756896973
48.968214230315 8.4784624302389 208.08555603027
48.968223259373 8.4784582930475 208.05194091797
48.968231511441 8.4784544460291 208.02919006348
48.968239844822 8.4784505180383 208.00706481934
48.968249129231 8.4784461208798 207.97930908203
48.968257636501 8.4784420334938 207.95428466797
48.968267013582 8.478437484673 207.9319152832
48.968275593623 8.4784332614674 207.91456604004
48.968284136843 8.4784290022473 207.90884399414
48.968293629634 8.4784242249838 207.90435791016
48.968302229472 8.478419837551 207.90211486816
48.968310857892 8.4784154118967 207.89329528809
48.968320338966 8.4784104422828 207.88774108887
48.968328977638 8.4784058248565 207.88299560547
48.968337616137 8.4784011162428 207.87249755859
48.968347104768 8.4783958425564 207.85697937012
48.968355744025 8.4783909794593 207.84367370605
48.968365233844 8.4783855206283 207.82890319824
48.968373843755 8.4783804001366 207.81033325195
48.968382369167 8.4783751078583 207.79679870605
48.968391707494 8.4783690971392 207.78601074219
48.968400061986 8.4783633783018 207.78559875488
48.968408416134 8.4783574407847 207.77934265137
48.968417550344 8.4783506587685 207.76527404785
48.968425757213 8.4783442563954 207.76156616211
48.968434691127 8.4783370270916 207.76364135742
48.968442740669 8.478330259418 207.76863098145
48.968450744293 8.4783233679458 207.7631072998
48.968459549379 8.4783155863769 207.75495910645
48.968467543118 8.4783083253623 207.75106811523
48.968475472698 8.4783009235026 207.75082397461
48.968484203735 8.4782925715345 207.74269104004
48.968492080451 8.4782848131566 207.73887634277
48.968500763272 8.4782760916782 207.72901916504
48.968508628169 8.4782679986943 207.71835327148
48.968516467404 8.4782597494165 207.71127319336
48.968525090121 8.478250484945 207.69869995117
48.968532924577 8.4782419323621 207.68432617188
48.96854072567 8.4782332793779 207.67451477051
48.968549314402 8.4782236699908 207.66647338867
48.968557168636 8.47821491493 207.6466217041
48.968565845582 8.4782052118706 207.62821960449
48.968573764955 8.4781963480387 207.61393737793
48.968581724447 8.4781874463348 207.59867858887
48.968590512892 8.4781775615195 207.58283996582
48.96859852485 8.478168525967 207.5700378418
48.968607350818 8.4781584982286 207.5482635498
48.968615437935 8.4781492892616 207.52053833008
48.968623498124 8.4781399903153 207.50323486328
48.968632417793 8.4781297044433 207.49044799805
48.968640584947 8.4781202924741 207.47454833984
48.968648827386 8.4781108456743 207.44897460938
48.968657979208 8.4781004534461 207.41174316406
48.96866633696 8.4780909685996 207.37268066406
48.968675595281 8.4780804969942 207.33157348633
48.968684043759 8.4780708977144 207.30738830566
48.968692528447 8.4780612113601 207.28385925293
48.968701895771 8.4780505052353 207.25137329102
48.968710466457 8.4780407256792 207.21788024902
48.968719100103 8.4780309180195 207.1852722168
48.968728723862 8.4780201180082 207.14001464844
48.968737527117 8.4780103543358 207.10173034668
48.96874729314 8.4779996785231 207.06008911133
48.968756235021 8.4779900186658 207.02807617188
48.9687652527 8.4779804364512 207.00205993652
48.968775274563 8.477970018918 206.97300720215
48.968784522958 8.4779606439854 206.93623352051
48.968793882534 8.4779513457263 206.90000915527
48.968804224086 8.4779412477379 206.86428833008
48.968813662882 8.4779320961619 206.84130859375
48.9688241517 8.4779221135013 206.81712341309
48.968833749459 8.47791307139 206.78898620605
48.968843416498 8.4779041843671 206.75570678711
48.968854100091 8.4778945529617 206.71865844727
48.968863816722 8.4778858916696 206.68174743652
48.968873569122 8.4778772405244 206.64488220215
48.968884266869 8.477867660366 206.61891174316
48.968894074488 8.4778589367602 206.58808898926
48.968904942556 8.4778493213591 206.53768920898
48.968914867414 8.4778406204691 206.49911499023
48.968924840867 8.4778319336669 206.46089172363
48.96893586516 8.4778224526641 206.42304992676
48.968945867825 8.4778137698317 206.39051818848
48.968955898259 8.4778050622528 206.35473632812
48.968966998906 8.4777953620232 206.3062286377
48.968977131548 8.4777865055853 206.26139831543
48.968988357192 8.4777767646762 206.21192932129
48.968998633241 8.4777679394142 206.16098022461
48.969008939912 8.4777591511398 206.10765075684
48.969020301786 8.4777495116151 206.04913330078
48.969030632779 8.4777407164913 206.00065612793
48.96904095487 8.4777318820928 205.95806884766
48.969052329765 8.4777221559167 205.91546630859
48.96906268038 8.477713284078 205.8736114502
48.969073060771 8.4777043891345 205.83180236816
48.969084504837 8.4776945363461 205.79428100586
48.969094921466 8.4776855902105 205.76400756836
48.969106406262 8.4776757006138 205.73216247559
48.969116920881 8.4776666589763 205.69554138184
48.969127487098 8.477657658018 205.6607208252
48.969139151463 8.4776477779193 205.62481689453
48.969149804598 8.4776387429802 205.58796691895
48.969160552666 8.4776296720839 205.54583740234
48.969172397793 8.4776196343974 205.4987487793
48.969183272553 8.4776105100464 205.44541931152
48.969195205292 8.4776004297091 205.39085388184
48.969206134761 8.4775912697133 205.3271484375
48.969217090202 8.4775821035068 205.26422119141
48.969229170491 8.477572056669 205.19879150391
48.969240146529 8.4775628932281 205.1448059082
48.969251178317 8.4775536857497 205.09034729004
48.969263385297 8.4775435208512 205.02375793457
48.969274470475 8.4775342531924 204.96733093262
48.969286797592 8.4775241045798 204.90412902832
48.969298024405 8.4775149411935 204.85194396973
48.969309336623 8.4775058061065 204.79191589355
48.96932168303 8.4774957396413 204.72984313965
48.969332957108 8.4774865919083 204.67366027832
48.969344203832 8.47747746627 204.62414550781
48.969356636125 8.4774674640447 204.57263183594
48.969367941193 8.47745838792 204.53332519531
48.969379253215 8.4774493549199 204.48977661133
48.969391699753 8.4774394358086 204.4369354248
48.969403001266 8.4774304073432 204.39068603516
48.969415460806 8.4774204599146 204.33996582031
48.969426781805 8.477411437336 204.29086303711
48.969438124241 8.4774024145096 204.23957824707
48.969450607729 8.4773924516766 204.19007873535
48.969461915141 8.4773833856717 204.15655517578
48.969473157467 8.47737436712 204.12013244629
48.96948551768 8.4773644168643 204.08085632324
48.969496749904 8.4773553417969 204.04216003418
48.969509111714 8.477345366566 203.99624633789
48.969520325481 8.4773362432143 203.94886779785
48.969531512475 8.4773270759842 203.90235900879
48.969543809549 8.4773169486554 203.85969543457
48.969554934945 8.4773076915288 203.82020568848
48.969566040397 8.4772983949989 203.7843170166
48.969578297052 8.477288126933 203.72988891602
48.969589384654 8.4772787256052 203.6794128418
48.969601573332 8.4772683404938 203.62359619141
48.969612581567 8.4772588471715 203.57366943359
48.9696235545 8.4772493362684 203.52903747559
48.969635587159 8.4772388249475 203.47227478027
48.969646523832 8.4772291975243 203.42468261719
48.969657418028 8.4772195163169 203.38078308105
48.969669321274 8.4772087685125 203.32307434082
48.969680100057 8.47719884636 203.27247619629
48.969690849065 8.4771888517386 203.23759460449
48.969702643802 8.4771777255096 203.19367980957
48.969713311727 8.4771675283225 203.15612792969
48.96972501314 8.477156170175 203.11325073242
48.969735510203 8.4771457775712 203.07159423828
48.969746001951 8.4771352831786 203.02545166016
48.969757545934 8.4771236635253 202.97914123535
48.969768029385 8.4771129945842 202.93580627441
48.96977846647 8.4771022839959 202.89149475098
48.969789784102 8.4770905177797 202.85227966309
48.96980008221 8.4770797481096 202.81251525879
48.969811351332 8.4770678130247 202.7741394043
48.96982160241 8.4770568722665 202.74163818359
48.969831750844 8.4770458352483 202.71092224121
48.969842939341 8.4770335987204 202.67587280273
48.969853022404 8.4770224154063 202.64915466309
48.969863142422 8.4770112393016 202.61599731445
48.96987416956 8.4769988915557 202.58755493164
48.969884237197 8.4769875961795 202.55923461914
48.969895341504 8.4769751989591 202.51789855957
48.969905448574 8.4769638429783 202.47708129883
48.969915535506 8.4769524147036 202.43634033203
48.969926524797 8.476939798183 202.40100097656
48.969936552507 8.476928259593 202.36395263672
48.969946560221 8.4769167108753 202.31645202637
48.969957607184 8.4769040032515 202.26342773438
48.969967629091 8.4768924282551 202.21911621094
48.969978682928 8.4768796957883 202.16957092285
48.969988699482 8.4768680979844 202.12522888184
48.969998730637 8.4768565037495 202.07875061035
48.970009742356 8.4768437151437 202.03089904785
48.97001975387 8.4768320828922 201.98976135254
48.970029757558 8.476820463323 201.9474029541
48.970040712351 8.4768076624666 201.90274047852
48.970050633223 8.4767960078917 201.86557006836
48.970061489512 8.4767831320258 201.83096313477
48.970071377269 8.4767713891023 201.79563903809
48.970081236431 8.4767595881844 201.76170349121
48.970092105377 8.4767466062115 201.72547912598
48.970102049303 8.476734744863 201.68823242188
48.970112002502 8.4767229078338 201.65065002441
48.970122969566 8.4767099198718 201.61328125
48.97013287145 8.4766981991034 201.58444213867
48.970143715749 8.4766854036011 201.57090759277
48.970153617759 8.4766737910644 201.55447387695
48.970163560171 8.4766622440796 201.53187561035
48.970174516674 8.47664970957 201.51605224609
48.970184544774 8.4766384361499 201.49290466309
48.970194591339 8.4766273192958 201.47019958496
48.970205739738 8.4766152580209 201.43145751953
48.970215911442 8.4766044402884 201.40434265137
48.970227203783 8.476592713904 201.3645324707
48.970237530701 8.4765822615438 201.31930541992
48.970247933172 8.4765720125788 201.27323913574
48.97025945207 8.4765609470124 201.21501159668
48.970270037288 8.4765510712221 201.16104125977
48.970280682451 8.4765413801026 201.10667419434
48.970292433546 8.4765309647958 201.0520324707
48.970303241475 8.4765216373934 201.0020904541
48.970315205942 8.476511556149 200.94274902344
48.970326131569 8.4765025923686 200.88792419434
48.970337162508 8.4764938192977 200.82223510742
48.970349327267 8.4764844599487 200.75640869141
48.970360446846 8.4764761432628 200.70045471191
48.97037154271 8.4764680123706 200.65463256836
48.9703837866 8.4764592410338 200.60774230957
48.970394957889 8.476451360573 200.56948852539
48.970406157962 8.4764435633877 200.53157043457
48.970418515995 8.4764351210514 200.48216247559
48.970429792911 8.4764275454138 200.44187927246
48.970442231874 8.4764193201293 200.40191650391
48.970453618127 8.4764119572952 200.36103820801
48.970465092027 8.4764047033619 200.31922912598
48.970477707009 8.4763968043027 200.27528381348
48.970489203777 8.4763896861522 200.23872375488
48.970500706066 8.4763826383332 200.20138549805
48.970513407532 8.4763750102801 200.16583251953
48.970525000079 8.4763681122296 200.13359069824
48.970537793271 8.476360736593 200.09294128418
48.970549463909 8.476354139389 200.05249023438
48.970561163931 8.4763476327968 200.01364135742
48.970574015113 8.4763406160339 199.98199462891
48.970585768531 8.4763343466247 199.95182800293
48.970597564817 8.4763282001557 199.92245483398
48.970610574214 8.4763214406302 199.88478088379
48.970622402492 8.4763153190086 199.84707641602
48.970635447793 8.4763086055391 199.79815673828
48.970647304194 8.4763025162949 199.7600402832
48.970659187871 8.4762963930634 199.72123718262
48.970672342653 8.4762896056496 199.66575622559
48.970684298449 8.4762833503805 199.61029052734
48.970696265305 8.4762771131871 199.55458068848
48.970709463739 8.4762702687511 199.50393676758
48.970721404013 8.4762640468439 199.46633911133
48.970733407775 8.4762578800425 199.4320526123
48.970746598871 8.4762510155068 199.39102172852
48.970758601408 8.4762447968687 199.3511505127
48.970771787363 8.476237973608 199.30299377441
48.970783797698 8.4762318080979 199.26118469238
48.970795819255 8.4762255747363 199.22186279297
48.970809071055 8.4762187384751 199.17909240723
48.970821129806 8.4762125105665 199.13912963867
48.970833198784 8.4762062943876 199.09773254395
48.970846481915 8.4761994800349 199.04885864258
48.970858555011 8.4761932768368 199.00663757324
48.97087187838 8.4761865095297 198.96376037598
48.970884021952 8.4761804025593 198.92611694336
48.970896182821 8.4761743426533 198.88603210449
48.970909567591 8.4761676866253 198.83973693848
48.970921753996 8.4761616648368 198.80130004883
48.970934022496 8.4761556587624 198.75955200195
48.970947593929 8.4761491044097 198.7064666748
48.970959985599 8.4761432089579 198.65478515625
48.970973701747 8.4761367162186 198.59538269043
48.970986071653 8.4761308531474 198.55484008789
48.970998424247 8.4761249919934 198.50764465332
48.971012005429 8.4761184733743 198.46249389648
48.971024428941 8.4761124598365 198.42077636719
48.971036923267 8.4761063953835 198.38092041016
48.97105062559 8.4760999670156 198.32305908203
48.971062977826 8.4760941862092 198.26861572266
48.971076542034 8.4760878044946 198.20918273926
48.971088884024 8.4760819174074 198.17277526855
48.971101241456 8.4760759997786 198.13784790039
48.971114826043 8.4760695432902 198.09094238281
48.971127172162 8.4760636932831 198.04432678223
48.971139517613 8.4760578398375 197.99949645996
48.971153174628 8.4760514041915 197.9503326416
48.971165629258 8.4760455524571 197.9016418457
48.971178101012 8.4760396869115 197.84466552734
48.971191746546 8.4760332297332 197.78860473633
48.97120412878 8.4760273297081 197.74237060547
48.971217635425 8.4760208213498 197.69934082031
48.971229935404 8.476014904707 197.64817810059
48.971242229634 8.4760089718923 197.59642028809
48.971255780006 8.4760024457393 197.53437805176
48.971268089004 8.4759965167174 197.47410583496
48.971280389406 8.4759906125879 197.41070556641
48.971293939206 8.4759841576914 197.33610534668
48.971306203889 8.4759782372462 197.27828979492
48.9713196987 8.4759717064026 197.21701049805
48.971331947433 8.4759657346229 197.16735839844
48.971344210415 8.4759597713163 197.11549377441
48.971357668574 8.4759531613997 197.06042480469
48.971369923184 8.4759471685055 197.00840759277
48.971382147529 8.4759411176042 196.95690917969
48.971395574742 8.4759344671556 196.89686584473
48.971407782807 8.4759283695174 196.84588623047
48.971421213256 8.4759216509461 196.79704284668
48.971433425028 8.4759155794284 196.7518157959
48.971445624915 8.4759095321616 196.70065307617
48.971459250035 8.4759029913188 196.63304138184
48.971471483798 8.4758969100527 196.58612060547
48.971483846383 8.4758908287703 196.53033447266
48.971497354068 8.4758841457576 196.47010803223
48.971509810336 8.4758781691243 196.40866088867
48.971523396114 8.4758715641442 196.35246276855
48.971535792449 8.4758655694857 196.30195617676
48.97154810437 8.4758595075402 196.2546081543
48.971561650895 8.4758528409239 196.19850158691
48.97157391816 8.4758467127604 196.1480255127
48.971586161482 8.4758406024393 196.09971618652
48.971599629175 8.4758338545565 196.04850769043
48.971611909386 8.4758276394253 195.9969329834
48.971624237345 8.4758214009188 195.93870544434
48.971637715416 8.475814567426 195.88616943359
48.9716499756 8.4758083782683 195.83544921875
48.971663349742 8.4758015104131 195.79006958008
48.971675483729 8.4757952171354 195.75389099121
48.971687607427 8.4757889552919 195.72294616699
48.97170091796 8.4757820638332 195.68960571289
48.971712979218 8.4757758139894 195.66014099121
48.971725005911 8.4757695454412 195.63468933105
48.971738212725 8.4757626061534 195.61585998535
48.971750221706 8.475756257771 195.60797119141
48.971763588049 8.4757491750714 195.58700561523
48.971775615408 8.4757430040311 195.55682373047
48.971787591166 8.4757368570416 195.52394104004
48.971800565988 8.4757302312912 195.49322509766
48.97181231486 8.4757242456512 195.47145080566
48.971823941809 8.4757182682445 195.4681854248
48.971836549206 8.47571171875 195.46678161621
48.971847844985 8.4757057524361 195.4655456543
48.97186003645 8.4756990809668 195.46655273438
48.971870990118 8.4756929468534 195.46974182129
48.971881829701 8.4756868182649 195.46617126465
48.971893553776 8.4756801053483 195.45309448242
48.971904064411 8.4756741359875 195.44927978516
48.971914406931 8.4756681788315 195.45175170898
48.971925670665 8.475661585931 195.4533996582
48.971935569537 8.4756554986323 195.44845581055
48.971945316126 8.4756495034156 195.44789123535
48.97195593777 8.4756429886633 195.45082092285
48.97196542258 8.4756372820797 195.45948791504
48.971975576161 8.4756311835697 195.4725189209
48.971984461272 8.4756257042223 195.47528076172
48.971993111012 8.47562025935 195.48040771484
48.972002321448 8.4756143277715 195.50859069824
48.972010485504 8.475609150971 195.53280639648
48.972019142215 8.4756037228255 195.55921936035
48.972026747501 8.4755990626323 195.58232116699
48.97203413057 8.4755947458098 195.5919342041
48.972042069147 8.4755903455498 195.59321594238
48.972049034474 8.475586677988 195.59623718262
48.972055827204 8.475583320101 195.60185241699
48.972063066976 8.4755799859382 195.61067199707
48.972069466798 8.475577255723 195.6203918457
48.972076325673 8.475574796661 195.62413024902
48.972082401581 8.4755730095813 195.63496398926
48.972088848877 8.4755714746319 195.65043640137
48.972094501037 8.475570434451 195.67147827148
48.972099947956 8.4755697557806 195.69680786133
48.972105751452 8.4755695351597 195.72552490234
48.972110989062 8.4755696916536 195.75129699707
48.972116634141 8.4755702345976 195.7858581543
48.972121676281 8.4755710717734 195.82499694824
48.972126588086 8.475572310859 195.86476135254
48.972131900975 8.4755740148076 195.900390625
48.972136506486 8.4755760494868 195.94250488281
48.972141414518 8.4755787255248 195.98216247559
48.972145758617 8.4755815252592 196.00337219238
48.972150368708 8.4755848758053 196.0203704834
48.972154265812 8.4755882855986 196.05000305176
48.972158094144 8.4755919614585 196.0638885498
48.972162102979 8.4755963931507 196.07791137695
48.972165580258 8.475600723689 196.10025024414
48.972169270844 8.4756057887589 196.109375
48.972172471 8.4756106718133 196.12275695801
48.972175524246 8.4756158192795 196.13407897949
48.972178644182 8.475621873241 196.14987182617
48.972181285653 8.4756276541277 196.17025756836
48.97218376889 8.4756337408854 196.18804931641
48.972186287797 8.475640680411 196.21403503418
48.972188347793 8.4756473276062 196.2310333252
48.972190445087 8.4756548845663 196.24276733398
48.972192151045 8.4756620394098 196.24147033691
48.972193607356 8.4756693853695 196.24639892578
48.97219491122 8.4756777125545 196.26240539551
48.972195834532 8.4756854851988 196.28411865234
48.972196531349 8.4756934369654 196.30928039551
48.972197027727 8.4757023832875 196.33843994141
48.972197229612 8.4757106493292 196.36724853516
48.972197145569 8.4757199098707 196.3975982666
48.972196830235 8.4757284536634 196.42991638184
48.972196221585 8.4757371537251 196.46878051758
48.972195322016 8.475746779788 196.51805114746
48.972194285722 8.475755642226 196.57582092285
48.972193132119 8.4757645607452 196.62767028809
48.972191635311 8.475774467538 196.70211791992
48.972190058089 8.475783506691 196.775390625
48.972188358918 8.4757926258368 196.84770202637
48.972186367327 8.475802757332 196.92353820801
48.972184495073 8.4758120389219 196.99002075195
48.972182320696 8.4758223589313 197.06211853027
48.972180320545 8.4758318258567 197.12753295898
48.972178239444 8.4758413757114 197.20233154297
48.972175957625 8.4758520099429 197.27136230469
48.972173797936 8.4758617866396 197.33195495605
48.972171565347 8.4758716608071 197.39099121094
48.972169044921 8.475882631183 197.4673614502
48.972166772198 8.4758927498703 197.53335571289
48.972164460773 8.4759029855963 197.59452819824
48.97216183703 8.4759143659456 197.66122436523
48.972159437641 8.4759248361711 197.72120666504
48.972156752696 8.4759364771721 197.78918457031
48.972154302379 8.4759471250914 197.84782409668
48.972151767107 8.4759577999135 197.91973876953
48.972149003363 8.4759694620525 197.99536132812
48.972146440029 8.4759799538713 198.06954956055
48.972143936076 8.4759903622256 198.1351776123
48.972141190281 8.4760017118044 198.20999145508
48.972138735543 8.4760119273442 198.27265930176
48.97213603731 8.4760230477875 198.33868408203
48.97213365497 8.4760330836394 198.38552856445
48.972131281292 8.4760429889319 198.42771911621
48.972128765184 8.4760537906917 198.46551513672
48.972126612626 8.4760635449095 198.49597167969
48.972124607087 8.4760732395235 198.51791381836
48.972122353281 8.4760837464124 198.55432128906
48.972120331377 8.4760932312431 198.59403991699
48.972118164982 8.4761035349179 198.63940429688
48.972116261017 8.4761128091808 198.67790222168
48.9721144186 8.4761219765482 198.70188903809
48.972112443662 8.4761320172729 198.72720336914
48.972110624739 8.4761410468406 198.75863647461
48.972108830625 8.4761499779429 198.79643249512
48.972106962198 8.476159791224 198.83134460449
48.972105360529 8.4761687196084 198.84092712402
48.972103712242 8.4761785782242 198.8423614502
48.972102242671 8.4761875893588 198.85856628418
48.972100835028 8.4761966795329 198.88096618652
48.972099292998 8.47620674184 198.91374206543
48.972098035803 8.4762159624664 198.94694519043
48.972096809281 8.4762252127484 198.97346496582
48.972095560192 8.476235456746 198.99069213867
48.972094424009 8.4762447927491 199.0083770752
48.972093194676 8.4762551236553 199.0387878418
48.972092119081 8.476264588201 199.06854248047
