-0.000000 0.000104 0.000060
-0.088736 0.535004 -0.007364
-0.191822 1.120392 -0.012910
-0.290192 1.650500 -0.011964
-0.388035 2.179834 -0.012209
-0.495463 2.767330 -0.015764
-0.597260 3.308185 -0.016917
-0.712245 3.908664 -0.013629
-0.820277 4.459945 -0.006343
-0.940150 5.076305 -0.004039
-1.053204 5.643941 -0.003910
-1.167809 6.222230 -0.007321
-1.297005 6.870538 -0.007810
-1.418337 7.474628 -0.002615
-1.555243 8.154298 0.008096
-1.681983 8.785303 0.015701
-1.812304 9.426814 0.014617
-1.961580 10.146871 -0.004679
-2.097902 10.817636 -0.027187
-2.247003 11.576923 -0.041921
-2.381373 12.285968 -0.046927
-2.534481 13.084258 -0.056618
-2.679112 13.824559 -0.071596
-2.825185 14.579937 -0.093776
-2.993323 15.431391 -0.122404
-3.142102 16.217276 -0.149559
-3.306486 17.099499 -0.174822
-3.452939 17.914868 -0.192715
-3.626685 18.833131 -0.212837
-3.784570 19.682285 -0.221339
-3.947014 20.549495 -0.223684
-4.128089 21.520504 -0.225755
-4.299140 22.418126 -0.229038
-4.484919 23.426395 -0.231789
-4.660252 24.346733 -0.231510
-4.855008 25.364824 -0.230896
-5.034123 26.298053 -0.229946
-5.215111 27.237275 -0.226853
-5.416296 28.279275 -0.223577
-5.601291 29.234037 -0.221438
-5.806321 30.292383 -0.221405
-5.995210 31.261489 -0.223592
-6.185665 32.236289 -0.221842
-6.396022 33.318569 -0.218865
-6.589757 34.309421 -0.216894
-6.805383 35.407925 -0.218205
-7.004641 36.409305 -0.221217
-7.217149 37.520235 -0.234537
-7.404578 38.533782 -0.248795
-7.601239 39.547976 -0.254126
-7.820527 40.661278 -0.255217
-8.022465 41.672567 -0.256315
-8.245265 42.782279 -0.259435
-8.452404 43.786456 -0.273793
-8.683650 44.888171 -0.293645
-8.892927 45.895271 -0.302381
-9.101041 46.905613 -0.307607
-9.329831 48.017152 -0.316595
-9.535372 49.029619 -0.327338
-9.762823 50.141559 -0.340172
-9.969732 51.152542 -0.357308
-10.177183 52.159673 -0.375971
-10.405783 53.270572 -0.388996
-10.617988 54.273972 -0.399610
-10.847298 55.383213 -0.405555
-11.058768 56.389303 -0.405915
-11.288072 57.506389 -0.407886
-11.499001 58.521900 -0.415396
-11.706744 59.539476 -0.428704
-11.931757 60.657286 -0.453792
-12.133775 61.674495 -0.475226
-12.358632 62.793376 -0.494471
-12.563387 63.813395 -0.511220
-12.768350 64.835433 -0.523781
-12.997530 65.961440 -0.528737
-13.203178 66.984652 -0.534585
-13.425459 68.107219 -0.548315
-13.626922 69.129549 -0.557382
-13.848148 70.252637 -0.568176
-14.051000 71.271610 -0.572948
-14.256000 72.284781 -0.574532
-14.480454 73.397663 -0.581899
-14.686588 74.403596 -0.592135
-14.913793 75.510417 -0.599694
-15.124306 76.511796 -0.598043
-15.333895 77.513718 -0.595164
-15.564515 78.611915 -0.594003
-15.772450 79.608518 -0.602691
-16.000171 80.698530 -0.618269
-16.205528 81.684345 -0.628727
-16.429311 82.756579 -0.641978
-16.629387 83.719548 -0.652344
-16.828118 84.669227 -0.662634
-17.045145 85.693714 -0.671018
-17.239246 86.607144 -0.678454
-17.451418 87.588233 -0.684198
-17.639285 88.460509 -0.689742
-17.826615 89.310217 -0.694866
-18.028892 90.222621 -0.699571
-18.214479 91.028469 -0.694357
-18.413961 91.888378 -0.695026
-18.595663 92.646432 -0.694733
-18.790105 93.452448 -0.699162
-18.966574 94.158492 -0.698899
-19.137414 94.836682 -0.698474
-19.319244 95.552110 -0.699859
-19.478722 96.173879 -0.703905
-19.646328 96.826375 -0.702000
-19.792468 97.392062 -0.696157
-19.934701 97.933777 -0.688499
-20.086199 98.507941 -0.676438
-20.216104 99.009999 -0.667543
-20.347691 99.539732 -0.660403
-20.457966 100.002237 -0.655726
-20.571893 100.491045 -0.645206
-20.665643 100.915505 -0.638300
-20.757516 101.366851 -0.628740
-20.832468 101.769135 -0.626184
-20.899759 102.166499 -0.621285
-20.961201 102.597818 -0.621696
-21.006565 102.986191 -0.614577
-21.043159 103.405169 -0.611715
-21.064283 103.782691 -0.606167
-21.073429 104.192492 -0.600215
-21.068307 104.562469 -0.591226
-21.046462 104.962864 -0.586899
-21.014814 105.322400 -0.581381
-20.970871 105.677058 -0.580143
-20.903968 106.061179 -0.577288
-20.823943 106.403602 -0.576462
-20.719670 106.772148 -0.576254
-20.608587 107.099388 -0.577259
-20.470239 107.453672 -0.580057
-20.330133 107.772747 -0.585891
-20.156967 108.121565 -0.597622
-19.981968 108.432499 -0.607599
-19.789125 108.733479 -0.609923
-19.551712 109.051843 -0.609241
-19.318259 109.333983 -0.610641
-19.040879 109.633088 -0.612820
-18.770351 109.891379 -0.611862
-18.452567 110.161676 -0.608661
-18.148006 110.396999 -0.608031
-17.826674 110.619149 -0.613726
-17.453928 110.847879 -0.627134
-17.095367 111.041121 -0.632759
-16.679243 111.233647 -0.632799
-16.281528 111.391765 -0.632832
-15.826322 111.557270 -0.635809
-15.395096 111.704450 -0.630806
-14.944914 111.846853 -0.626924
-14.428865 111.993816 -0.622828
-13.938166 112.114889 -0.616382
-13.428132 112.222439 -0.612751
-12.843526 112.331687 -0.613988
-12.292972 112.433736 -0.628149
-11.664212 112.544547 -0.642768
-11.072727 112.636091 -0.647056
-10.460535 112.720419 -0.642433
-9.770466 112.818448 -0.642197
-9.126164 112.913665 -0.644044
-8.400538 113.026372 -0.646944
-7.725116 113.127035 -0.654880
-7.035433 113.229654 -0.659802
-6.261250 113.345365 -0.660345
-5.543686 113.458923 -0.656264
-4.742198 113.584206 -0.650300
-4.004503 113.698383 -0.643786
-3.262187 113.812229 -0.638905
-2.437639 113.935579 -0.637609
-1.678457 114.046200 -0.637176
-0.834283 114.167145 -0.636927
-0.058884 114.282035 -0.635181
0.722598 114.398737 -0.643057
1.588613 114.528040 -0.650071
2.380415 114.647577 -0.649860
3.256122 114.784209 -0.643591
4.053264 114.911610 -0.632905
4.931696 115.044049 -0.622967
5.731746 115.168423 -0.618591
6.529181 115.291578 -0.616557
7.401428 115.421202 -0.616804
8.191404 115.533570 -0.626901
9.058027 115.659377 -0.628148
9.846104 115.773651 -0.611588
10.632021 115.887393 -0.591541
11.489016 116.011401 -0.581260
12.264186 116.126488 -0.578334
13.112654 116.254235 -0.576553
13.881578 116.369076 -0.575153
14.723296 116.492526 -0.569954
15.485358 116.605213 -0.564968
16.243779 116.717775 -0.561867
17.075728 116.840412 -0.559765
17.828446 116.949694 -0.550965
18.648125 117.064150 -0.544210
19.390491 117.165838 -0.539858
20.203318 117.272150 -0.536093
20.939325 117.367273 -0.528788
21.671054 117.460546 -0.520423
22.471489 117.564930 -0.512493
23.186784 117.659488 -0.506722
23.955722 117.759742 -0.504384
24.637523 117.848992 -0.500879
25.379754 117.945147 -0.498885
26.049544 118.030422 -0.496875
26.716252 118.116766 -0.494598
27.446881 118.210674 -0.489034
28.108541 118.293112 -0.483888
28.834134 118.384581 -0.479155
29.486723 118.469594 -0.478328
30.200852 118.562593 -0.474480
30.846753 118.642369 -0.470731
31.489547 118.721099 -0.468974
32.192502 118.811361 -0.465912
32.829333 118.893254 -0.462506
33.527778 118.971963 -0.463755
34.166400 119.037224 -0.465125
34.873694 119.110294 -0.463765
35.522032 119.174641 -0.459718
36.173725 119.231052 -0.451094
36.895036 119.287440 -0.444759
37.557637 119.339241 -0.441636
38.297912 119.393191 -0.435202
38.978993 119.439504 -0.428081
39.744167 119.495607 -0.422907
40.444480 119.546500 -0.425704
41.149999 119.593163 -0.430928
41.933952 119.640560 -0.433254
42.650523 119.681679 -0.432824
43.443232 119.731510 -0.432403
44.164458 119.780082 -0.426763
44.886211 119.827039 -0.417118
45.677177 119.885596 -0.346072
46.395256 119.949544 -0.236292
47.181833 120.012609 -0.169290
47.897216 120.070157 -0.094742
48.683416 120.123652 -0.045272
49.404867 120.170422 0.009821
50.129198 120.216340 0.045009
50.930328 120.267994 0.082370
51.661068 120.310994 0.107579
52.470508 120.360401 0.137173
53.208978 120.404813 0.155172
54.027452 120.452274 0.179609
54.777031 120.492010 0.197218
55.531974 120.533773 0.211310
56.368231 120.576395 0.227628
57.132303 120.612056 0.234968
57.979707 120.653676 0.236638
58.755153 120.687618 0.237691
59.613726 120.720633 0.242237
60.400351 120.751718 0.244823
61.192358 120.782468 0.252780
62.070645 120.813286 0.266100
62.874330 120.845666 0.278367
63.762666 120.883461 0.285125
64.574715 120.917166 0.292814
65.472854 120.953336 0.300685
66.292756 120.987986 0.306787
67.113898 121.025261 0.313400
68.018022 121.066881 0.319776
68.842148 121.105094 0.319179
69.751552 121.153779 0.321731
70.581915 121.198424 0.335782
71.498288 121.247875 0.352579
72.332066 121.292643 0.363089
73.165225 121.337730 0.370930
74.082283 121.388308 0.380005
74.915596 121.433610 0.389035
75.830732 121.481151 0.399567
76.659599 121.526528 0.405294
77.568546 121.575259 0.410813
78.392845 121.621688 0.415204
79.214499 121.670539 0.426370
80.114687 121.726264 0.439572
80.927575 121.776700 0.446611
81.816810 121.831689 0.447338
82.621151 121.878607 0.451096
83.422304 121.923842 0.462376
84.298874 121.971060 0.479156
85.091019 122.013788 0.492252
85.956603 122.059033 0.504576
86.738944 122.100541 0.517138
87.594573 122.147054 0.531316
88.367386 122.189077 0.547357
89.134721 122.228851 0.563192
89.972636 122.269889 0.575303
90.730834 122.305706 0.587452
91.560641 122.342064 0.604873
92.311525 122.372103 0.622638
93.134257 122.402121 0.637831
93.878318 122.430148 0.650797
94.618951 122.456063 0.665007
95.433720 122.477400 0.681893
96.173580 122.492725 0.702100
96.986176 122.513941 0.736771
97.720624 122.529075 0.762539
98.525726 122.539205 0.779723
99.254139 122.552673 0.791529
99.980175 122.566565 0.808722
100.774530 122.575599 0.831086
101.494387 122.583307 0.849553
102.284002 122.594804 0.870102
102.999103 122.597962 0.899593
103.784869 122.596055 0.935454
104.496412 122.591885 0.964426
105.205036 122.586434 0.991255
105.981260 122.576293 1.017503
106.685040 122.561226 1.041356
107.456908 122.533787 1.067131
108.156988 122.501447 1.091183
108.924421 122.453656 1.118904
109.620530 122.401845 1.144764
110.314396 122.341931 1.169823
111.074485 122.265245 1.199612
111.762434 122.187315 1.225412
112.515357 122.100817 1.252096
113.197655 122.016587 1.275767
113.942957 121.914858 1.305403
114.615450 121.819060 1.331852
115.285457 121.729078 1.356103
116.015059 121.629105 1.370900
116.674904 121.541038 1.383250
117.397144 121.443339 1.403899
118.048941 121.354073 1.423816
118.759932 121.256887 1.455208
119.400806 121.174897 1.476422
120.036148 121.093453 1.491007
120.729601 121.002803 1.511541
121.355150 120.924515 1.533000
122.038095 120.841277 1.559760
122.654045 120.770730 1.582363
123.265191 120.704319 1.603410
123.933065 120.634991 1.623098
124.536988 120.571432 1.641390
125.195005 120.505146 1.659040
125.787563 120.450579 1.678767
126.374629 120.401439 1.693649
127.013105 120.350325 1.708080
127.589050 120.304588 1.719132
128.218084 120.261672 1.734524
128.785562 120.229023 1.751610
129.405310 120.192671 1.772297
129.964157 120.164483 1.789079
130.519487 120.144589 1.805692
131.126610 120.132680 1.822815
131.675982 120.129587 1.837041
132.275891 120.131950 1.851936
132.817478 120.149031 1.864475
133.354458 120.179595 1.877769
133.942034 120.228191 1.890764
134.473148 120.282243 1.901250
135.055092 120.356833 1.914023
135.581698 120.435663 1.926965
136.159483 120.532770 1.941363
136.683372 120.623008 1.953206
137.206582 120.707868 1.963294
137.781292 120.793793 1.970940
138.300330 120.859682 1.979625
138.868377 120.925574 1.987310
139.381322 120.980834 1.991204
139.942894 121.036849 1.994296
140.449597 121.076142 1.999281
141.003837 121.105698 2.007127
141.505111 121.123389 2.015004
142.052937 121.137961 2.021705
142.545988 121.144716 2.026089
143.033982 121.146295 2.031731
143.565561 121.136039 2.038655
144.045741 121.120255 2.042115
144.569957 121.100616 2.047597
145.041469 121.079882 2.053286
145.509822 121.063491 2.060127
146.024649 121.041918 2.068653
146.487956 121.020740 2.081346
146.995391 120.994286 2.089116
147.453839 120.977043 2.096781
147.963604 120.947228 2.096190
148.433770 120.922176 2.093616
148.913279 120.895616 2.093575
149.449613 120.861679 2.096104
149.944030 120.822821 2.101952
150.496575 120.774760 2.107670
151.009009 120.730392 2.108895
151.580508 120.678633 2.109172
152.107281 120.624627 2.112663
152.638269 120.566008 2.121112
153.227579 120.498689 2.130254
153.768458 120.437772 2.136850
154.368165 120.369185 2.146266
154.916805 120.300224 2.155372
155.517704 120.216910 2.166353
156.066140 120.140254 2.175290
156.613567 120.067529 2.181290
157.214417 119.984513 2.182810
157.757120 119.908067 2.185224
158.353555 119.826670 2.191421
158.892002 119.754408 2.197391
159.428294 119.684184 2.204825
160.014629 119.608632 2.212365
160.539517 119.545063 2.217045
161.106562 119.478481 2.221625
161.612228 119.420901 2.227023
162.153859 119.362121 2.233419
162.633569 119.311515 2.239320
163.100888 119.262069 2.247587
163.596304 119.210277 2.259149
164.030494 119.167514 2.268737
164.488949 119.128134 2.275020
164.891147 119.098752 2.278344
165.283779 119.073980 2.279341
165.711075 119.051951 2.278049
166.093943 119.037591 2.275697
166.510160 119.027581 2.273619
166.883992 119.027311 2.275585
167.289819 119.041356 2.279297
167.653007 119.065058 2.281874
168.011101 119.099255 2.282695
168.399409 119.148342 2.287010
168.747802 119.203597 2.294614
169.093030 119.265505 2.302393
169.467600 119.343164 2.309424
169.803877 119.425506 2.311504
170.168080 119.528142 2.310920
170.497894 119.632171 2.306042
170.828029 119.748410 2.298409
171.193654 119.893273 2.288623
171.526427 120.040539 2.280822
171.888758 120.226146 2.270059
172.215562 120.413963 2.260502
172.576314 120.638220 2.251737
172.904193 120.861054 2.246567
173.231012 121.105467 2.239374
173.588053 121.398712 2.232179
173.905057 121.695326 2.230250
174.243458 122.051973 2.229853
174.545059 122.402011 2.228709
174.841659 122.776296 2.228480
175.158083 123.219486 2.225106
175.437218 123.647949 2.221847
175.731192 124.152549 2.218991
175.986991 124.638344 2.216205
176.253439 125.203950 2.212586
176.483664 125.743118 2.207289
176.704429 126.308792 2.203747
176.933043 126.953999 2.198959
177.130121 127.563782 2.193052
177.339106 128.257610 2.180802
177.521305 128.908122 2.168165
177.715042 129.643967 2.150910
177.882144 130.332451 2.134526
178.039807 131.038451 2.118249
178.200103 131.834111 2.098766
178.336018 132.574449 2.080276
178.476293 133.405667 2.061639
178.596482 134.175027 2.046925
178.726198 135.032919 2.026128
178.849743 135.826978 2.007210
178.989374 136.715028 1.988365
179.119625 137.535345 1.969995
179.251615 138.367484 1.950137
179.399057 139.296562 1.930574
179.533005 140.149188 1.914171
179.682406 141.094863 1.894546
179.820052 141.957514 1.876823
179.973526 142.906945 1.857175
180.113333 143.769563 1.836689
180.258347 144.633040 1.816028
180.415911 145.583676 1.794922
180.559750 146.448673 1.772285
180.717255 147.400834 1.744922
180.863481 148.268172 1.720224
181.021101 149.224615 1.694319
181.178221 150.181532 1.670389
181.306794 150.964718 1.651492
181.460247 151.922745 1.628340
181.598756 152.794210 1.609181
181.748756 153.752428 1.586845
181.885057 154.622385 1.566297
182.019759 155.491993 1.544154
182.165843 156.448868 1.519057
182.297479 157.317331 1.498157
182.440246 158.270288 1.475959
182.568030 159.133967 1.454091
182.706537 160.079436 1.429183
182.831024 160.933886 1.407437
182.951083 161.781437 1.383464
183.079505 162.705836 1.359030
183.193171 163.537416 1.336964
183.316738 164.440185 1.316590
183.421709 165.249022 1.296417
183.526169 166.043436 1.275023
183.637153 166.900304 1.248920
183.732122 167.663951 1.224659
183.831589 168.486595 1.203799
183.920114 169.215415 1.189456
184.012915 169.998456 1.177157
184.092147 170.689727 1.164891
184.165702 171.360552 1.152038
184.238763 172.072239 1.135706
184.300827 172.695359 1.116529
184.364264 173.353217 1.095765
184.417656 173.928504 1.081428
184.471158 174.534896 1.072071
184.520112 175.062715 1.061557
184.565999 175.572248 1.048778
184.614551 176.112185 1.037470
184.654776 176.586477 1.032276
184.698328 177.093859 1.025134
184.737895 177.547612 1.020284
184.780769 178.041416 1.014608
184.818016 178.486695 1.011657
184.852094 178.927336 1.006997
184.882702 179.404882 0.999361
184.902381 179.830855 0.991315
184.915132 180.288803 0.983321
184.916851 180.698569 0.976443
184.908558 181.103769 0.970466
184.888139 181.542802 0.967409
184.855915 181.936729 0.965828
184.801481 182.361379 0.965443
184.737999 182.740364 0.963779
184.658958 183.110582 0.961298
184.555082 183.510652 0.955316
184.446917 183.868138 0.952806
184.311264 184.251438 0.951578
184.172999 184.589202 0.954846
184.020206 184.916634 0.956748
183.832791 185.263406 0.961054
183.646221 185.563594 0.960341
183.425140 185.877773 0.956378
183.209040 186.149488 0.950037
182.980362 186.407428 0.944146
182.716341 186.677094 0.938820
182.464698 186.908895 0.934548
182.170949 187.140207 0.931017
181.893696 187.333096 0.927968
181.607822 187.511481 0.925506
181.284762 187.685840 0.920933
180.981782 187.818052 0.915719
180.640379 187.944784 0.905845
180.320745 188.045426 0.896551
179.958291 188.142304 0.888906
179.619185 188.212206 0.882115
179.274174 188.265665 0.876058
178.886949 188.307282 0.869728
178.528184 188.337901 0.861474
178.122782 188.363899 0.853024
177.742457 188.370821 0.848258
177.314570 188.359805 0.842647
176.912477 188.338902 0.839806
176.454629 188.305214 0.838561
176.023480 188.275181 0.835453
175.578273 188.244956 0.827081
175.072456 188.199076 0.813371
174.594148 188.149123 0.802972
174.048096 188.074188 0.801295
173.534350 187.990319 0.805119
172.950951 187.885944 0.807159
172.403655 187.784612 0.804003
171.782515 187.663860 0.797157
171.199606 187.546467 0.791614
170.599895 187.423344 0.786171
169.919769 187.281497 0.780395
169.286009 187.145775 0.774229
168.568221 186.992436 0.767020
167.898002 186.850344 0.759755
167.139717 186.694027 0.752761
166.432135 186.557925 0.747427
165.633371 186.411277 0.740616
164.889487 186.282337 0.732240
164.126904 186.158531 0.724511
163.268935 186.031136 0.718311
162.470655 185.923012 0.714482
161.575434 185.812259 0.709709
160.747933 185.719600 0.706025
159.828430 185.628571 0.703830
158.987148 185.552387 0.699863
158.142245 185.481796 0.693348
157.211381 185.410902 0.685599
156.363946 185.352668 0.679121
155.429969 185.293457 0.671295
154.579171 185.242259 0.663771
153.639184 185.185965 0.656220
152.783057 185.136445 0.650283
151.923442 185.084361 0.643103
150.976112 185.029159 0.635978
150.112218 184.979945 0.630637
149.163085 184.929796 0.627364
148.299853 184.884475 0.624365
147.437431 184.838055 0.620617
146.488528 184.786139 0.615857
145.627302 184.741836 0.613070
144.679567 184.694298 0.608378
143.817923 184.646960 0.604088
142.869557 184.596313 0.602745
142.007609 184.549185 0.598440
141.146145 184.501598 0.589587
140.198122 184.448707 0.579455
139.335939 184.400804 0.571335
138.387825 184.347378 0.564819
137.527352 184.300054 0.559895
136.583668 184.249948 0.553935
135.727872 184.207565 0.549072
134.874148 184.166611 0.542766
133.936704 184.120621 0.535142
133.087087 184.082542 0.531415
132.154214 184.038944 0.528460
131.307914 184.000481 0.525801
130.463143 183.962451 0.523073
129.535261 183.921419 0.520552
128.693582 183.884900 0.518709
127.769664 183.845962 0.515303
126.928521 183.811147 0.509683
126.000625 183.774137 0.503736
125.154231 183.739053 0.499695
124.305287 183.704391 0.497172
123.367589 183.669231 0.497656
122.511897 183.637513 0.497498
121.567010 183.603351 0.496045
120.704441 183.571996 0.493636
119.750962 183.542032 0.493922
118.880320 183.516513 0.494244
118.007168 183.489099 0.492788
117.042775 183.456493 0.484849
116.161693 183.433228 0.474658
115.188311 183.399911 0.470786
114.298669 183.368359 0.469414
113.316550 183.336946 0.469425
112.420125 183.308255 0.469266
111.520338 183.277253 0.470107
110.526558 183.237099 0.468866
109.619123 183.195195 0.466113
108.616919 183.145862 0.464026
107.701813 183.096092 0.463013
106.782816 183.038131 0.459780
105.767937 182.969448 0.454466
104.841843 182.903036 0.448059
103.817577 182.826280 0.442318
102.882579 182.757448 0.441618
101.849411 182.682084 0.444818
100.907959 182.611574 0.447750
99.870985 182.531656 0.450263
98.928880 182.458563 0.451340
97.988132 182.382951 0.448465
96.956697 182.299047 0.441754
96.020029 182.221891 0.434202
94.991646 182.138889 0.425912
94.056864 182.060665 0.416818
93.122470 181.983747 0.407404
92.094459 181.897624 0.397953
91.160491 181.816827 0.389798
90.132531 181.728079 0.381141
89.198453 181.648874 0.376044
88.170452 181.559760 0.370919
87.236330 181.480418 0.366799
86.302317 181.401789 0.361450
85.274828 181.316757 0.359147
84.340319 181.240107 0.358918
83.312049 181.155106 0.356095
82.378492 181.076726 0.352707
81.444777 180.997434 0.345977
80.417672 180.910866 0.340232
79.482970 180.832246 0.337850
78.455797 180.746916 0.333387
77.522709 180.668965 0.329479
76.497831 180.582134 0.322353
75.566009 180.503703 0.316377
74.634275 180.423938 0.312278
73.610643 180.334689 0.304755
72.682107 180.253962 0.295154
71.659893 180.163682 0.283160
70.730828 180.080923 0.276077
69.800930 180.001270 0.275067
68.777229 179.918822 0.277583
67.846976 179.849009 0.277084
66.823470 179.772927 0.274602
65.893225 179.706869 0.269929
64.869232 179.636685 0.263495
63.937900 179.573271 0.254961
63.005779 179.510082 0.245603
61.980627 179.444543 0.234972
61.047875 179.386247 0.224538
60.020619 179.324346 0.216722
59.084037 179.270675 0.217319
58.053064 179.211692 0.221344
57.114822 179.160228 0.225832
56.177010 179.108353 0.223919
55.144701 179.051376 0.219604
54.205161 178.999679 0.215844
53.169553 178.942455 0.214062
52.226767 178.886215 0.211614
51.283698 178.828417 0.205543
50.247257 178.767622 0.192118
49.304389 178.713190 0.179523
48.264073 178.655305 0.172834
47.315688 178.599129 0.176024
46.270719 178.538897 0.181984
45.321135 178.484474 0.181397
44.371642 178.428280 0.173990
43.326275 178.363939 0.168437
42.374593 178.306787 0.164768
41.326549 178.240306 0.159855
40.372724 178.177160 0.156331
39.419869 178.110484 0.151799
38.370018 178.033630 0.144659
37.413612 177.960689 0.139784
36.359371 177.875958 0.134688
35.400191 177.797202 0.128485
34.342961 177.709419 0.124114
33.380684 177.625366 0.122527
32.418397 177.539744 0.117370
31.360023 177.445044 0.109939
30.397781 177.358992 0.103591
29.339168 177.262535 0.098822
28.377165 177.175584 0.094083
27.415872 177.090749 0.090375
26.360655 176.995027 0.086521
25.403006 176.907332 0.083094
24.352533 176.808907 0.077516
23.399286 176.718817 0.073486
22.353369 176.617098 0.068000
21.405128 176.525529 0.065442
20.461052 176.431399 0.061473
19.426652 176.326925 0.056879
18.489114 176.229841 0.056632
17.460418 176.119619 0.060697
16.527622 176.017301 0.070689
15.598225 175.915440 0.077256
14.581999 175.801108 0.081923
13.661307 175.694358 0.082286
12.651398 175.576013 0.078370
11.735232 175.468359 0.073935
10.730202 175.349357 0.070911
9.819880 175.241468 0.064194
8.913668 175.132703 0.053532
7.923635 175.015024 0.043802
7.030986 174.908588 0.035154
6.057688 174.791910 0.028238
5.182384 174.684184 0.020734
4.315562 174.577364 0.013200
3.370165 174.459325 0.002698
2.517594 174.350328 -0.007026
1.587041 174.229533 -0.018764
0.748176 174.118653 -0.027634
-0.165693 173.996160 -0.037487
-0.986455 173.884724 -0.044694
-1.796569 173.772856 -0.052763
-2.673464 173.648751 -0.061564
-3.456443 173.534688 -0.069702
-4.300418 173.410456 -0.078756
-5.052761 173.298684 -0.088099
-5.866335 173.179207 -0.098732
-6.595585 173.076002 -0.105619
-7.316171 172.977790 -0.111957
-8.101403 172.874092 -0.116258
-8.807538 172.784829 -0.120278
-9.578234 172.688651 -0.125670
-10.272790 172.603599 -0.131666
-11.031647 172.513670 -0.136021
-11.714662 172.436249 -0.139735
-12.391022 172.360214 -0.142908
-13.124595 172.278441 -0.146669
-13.782530 172.205122 -0.150353
-14.497373 172.126796 -0.155342
-15.138355 172.056932 -0.159569
-15.833115 171.983174 -0.161667
-16.454082 171.920469 -0.161071
-17.062633 171.859238 -0.162544
-17.718395 171.795732 -0.165023
-18.299625 171.739850 -0.167740
-18.921452 171.685130 -0.172226
-19.470529 171.639051 -0.175316
-20.056593 171.594331 -0.175202
-20.575005 171.553737 -0.175516
-21.078782 171.516932 -0.176112
-21.617814 171.479391 -0.177913
-22.095478 171.452392 -0.181103
-22.609246 171.424811 -0.184964
-23.065375 171.404369 -0.188551
-23.555124 171.384348 -0.192947
-23.988905 171.372520 -0.194581
-24.411015 171.366438 -0.197238
-24.861513 171.367146 -0.200497
-25.259026 171.373462 -0.202238
-25.686586 171.385019 -0.202729
-26.064409 171.400054 -0.201281
-26.467247 171.422977 -0.198109
-26.818973 171.452280 -0.195502
-27.159114 171.489003 -0.194360
-27.526881 171.536665 -0.195477
-27.858604 171.585718 -0.196960
-28.220612 171.646731 -0.196406
-28.581152 171.718922 -0.195410
-28.905916 171.797644 -0.192950
-29.226856 171.881965 -0.190832
-29.573051 171.986439 -0.188495
-29.879688 172.090785 -0.184577
-30.180472 172.207860 -0.178333
-30.504300 172.341487 -0.176523
-30.795406 172.476924 -0.178092
-31.117977 172.635153 -0.186605
-31.414215 172.795564 -0.194400
-31.740092 172.992368 -0.201800
-32.035133 173.192877 -0.202974
-32.326969 173.410599 -0.196710
-32.647745 173.666217 -0.188708
-32.938000 173.914926 -0.185412
-33.252189 174.210956 -0.182172
-33.532650 174.499429 -0.177062
-33.836703 174.839786 -0.174441
-34.108286 175.171270 -0.177908
-34.403507 175.561649 -0.182978
-34.666158 175.943378 -0.185729
-34.922825 176.348891 -0.185963
-35.192969 176.824522 -0.181835
-35.427464 177.280967 -0.178110
-35.673377 177.810049 -0.174548
-35.884031 178.313086 -0.180835
-36.077342 178.838897 -0.194576
-36.274682 179.441121 -0.197402
-36.438679 180.009690 -0.196282
-36.606742 180.654294 -0.194539
-36.746019 181.257740 -0.190650
-36.876153 181.875944 -0.187182
-37.014858 182.574240 -0.184388
-37.137651 183.225826 -0.179990
-37.268347 183.958862 -0.173321
-37.384102 184.639533 -0.169068
-37.500320 185.332076 -0.167594
-37.632974 186.108924 -0.167289
-37.758199 186.829030 -0.166884
-37.900604 187.634658 -0.163963
-38.030326 188.378547 -0.160385
-38.159756 189.128130 -0.157883
-38.309597 189.960814 -0.158053
-38.445951 190.719175 -0.157413
-38.598671 191.558075 -0.149352
-38.739416 192.320878 -0.136413
-38.883961 193.084692 -0.128922
-39.039056 193.926875 -0.126721
-39.182125 194.695060 -0.128050
-39.339887 195.543994 -0.130854
-39.485705 196.319775 -0.131054
-39.632640 197.098463 -0.127539
-39.793582 197.955500 -0.124897
-39.941660 198.733641 -0.123693
-40.104026 199.587657 -0.120517
-40.250785 200.362286 -0.115400
-40.396922 201.135626 -0.108215
-40.563961 201.982478 -0.102254
-40.714532 202.749666 -0.096725
-40.881560 203.590293 -0.096188
-41.035663 204.351707 -0.093925
-41.207682 205.185080 -0.094701
-41.363812 205.938815 -0.094154
-41.517717 206.687335 -0.094011
-41.688770 207.503592 -0.094535
-41.844886 208.236528 -0.089967
-42.012646 209.032228 -0.081067
-42.160952 209.742634 -0.076812
-42.320795 210.508269 -0.074999
-42.463382 211.187588 -0.075198
-42.604354 211.851218 -0.075008
-42.755615 212.561794 -0.074651
-42.888603 213.190326 -0.072613
-43.031301 213.861664 -0.068417
-43.159541 214.453293 -0.060778
-43.284942 215.025736 -0.059837
-43.418798 215.633269 -0.058409
-43.538232 216.164947 -0.057230
-43.666066 216.727195 -0.055899
-43.778801 217.219582 -0.054688
-43.899789 217.739340 -0.052525
-44.006436 218.192311 -0.049833
-44.107168 218.627590 -0.049208
-44.214160 219.092233 -0.050536
-44.307173 219.509022 -0.053443
-44.404158 219.966895 -0.054955
-44.487846 220.382313 -0.052490
-44.571895 220.838982 -0.048799
-44.637653 221.252751 -0.046235
-44.701838 221.704934 -0.045694
-44.754527 222.112209 -0.047295
-44.798571 222.517149 -0.047653
-44.831382 222.959831 -0.048165
-44.845564 223.360288 -0.045295
-44.841755 223.796565 -0.041213
-44.820276 224.188251 -0.039190
-44.782387 224.614688 -0.038312
-44.732424 224.998081 -0.031962
-44.661694 225.412690 -0.024484
-44.587129 225.784032 -0.021140
-44.491093 226.186586 -0.025945
-44.388861 226.547343 -0.034365
-44.267638 226.904965 -0.051840
-44.107616 227.294266 -0.063404
-43.943393 227.643143 -0.072372
-43.745996 228.021771 -0.084477
-43.560563 228.368207 -0.094627
-43.339828 228.745986 -0.092145
-43.114170 229.076661 -0.085510
-42.863686 229.391919 -0.080896
-42.561125 229.722941 -0.090222
-42.265161 230.016137 -0.100263
-41.921463 230.339851 -0.110526
-41.585940 230.627554 -0.116073
-41.189063 230.931072 -0.107018
-40.803697 231.191970 -0.092483
-40.396014 231.437188 -0.083212
-39.920843 231.685303 -0.086217
-39.468748 231.899042 -0.091684
-38.947338 232.124417 -0.098106
-38.453554 232.318466 -0.096996
-37.939779 232.502015 -0.083991
-37.356182 232.694156 -0.075709
-36.807519 232.860496 -0.071249
-36.184445 233.028862 -0.072755
-35.599025 233.169249 -0.073840
-34.996146 233.297812 -0.072102
-34.314454 233.434496 -0.065443
-33.677032 233.553437 -0.054572
-32.958104 233.677122 -0.039474
-32.289083 233.776573 -0.029388
-31.606023 233.867094 -0.030319
-30.837440 233.962871 -0.031936
-30.124270 234.051646 -0.028472
-29.321060 234.154316 -0.023261
-28.575957 234.247623 -0.024253
-27.818357 234.340412 -0.027198
-26.978275 234.440391 -0.028549
-26.205902 234.535478 -0.027794
-25.358867 234.636004 -0.023125
-24.587239 234.731707 -0.024216
-23.817623 234.826428 -0.029428
-22.970287 234.933960 -0.034746
-22.199666 235.034208 -0.037005
-21.351104 235.149670 -0.038105
-20.578165 235.260535 -0.035345
-19.803374 235.373461 -0.039131
-18.946896 235.503769 -0.042132
-18.164849 235.623652 -0.041234
-17.307106 235.763223 -0.033576
-16.528838 235.893269 -0.028323
-15.751300 236.025956 -0.026678
-14.890881 236.168304 -0.028809
-14.108321 236.302146 -0.026371
-13.245252 236.445895 -0.023239
-12.462404 236.579143 -0.017711
-11.676513 236.708554 -0.014533
-10.813245 236.849761 -0.011264
-10.028129 236.977014 -0.009665
-9.168600 237.122069 -0.006800
-8.386822 237.250641 -0.002654
-7.529547 237.393380 0.002469
-6.751515 237.521009 0.003213
-5.975059 237.644790 0.003171
-5.124942 237.780188 0.004685
-4.352757 237.901590 0.005879
-3.506722 238.032369 0.006645
-2.739795 238.147360 0.003154
-1.977771 238.260497 -0.004403
-1.141692 238.380448 -0.015035
-0.385517 238.491491 -0.024057
0.444868 238.610560 -0.027395
1.196234 238.719905 -0.026392
1.945124 238.830327 -0.026191
2.766491 238.949842 -0.026569
3.511028 239.054161 -0.026268
4.326328 239.170457 -0.026456
5.063750 239.274699 -0.028086
5.871835 239.386400 -0.030303
6.604217 239.484382 -0.035381
7.334388 239.582423 -0.039879
8.134797 239.691950 -0.040510
8.859998 239.792380 -0.041057
9.655361 239.904616 -0.043900
10.375870 240.007268 -0.048261
11.165519 240.118725 -0.052570
11.879738 240.219917 -0.057977
12.590890 240.324121 -0.065009
13.372997 240.435188 -0.069752
14.083326 240.530210 -0.068766
14.857109 240.636903 -0.066757
15.554318 240.739441 -0.068929
16.248188 240.831051 -0.081912
17.009496 240.930560 -0.087800
17.700410 241.025718 -0.075759
18.455916 241.134021 -0.056142
19.138165 241.231590 -0.042385
19.885133 241.336251 -0.035509
20.560209 241.432314 -0.037201
21.231649 241.535123 -0.033637
21.966042 241.650398 -0.030706
22.630711 241.751099 -0.031323
23.359632 241.857749 -0.033763
24.018669 241.954872 -0.033319
24.672931 242.049641 -0.028786
25.387840 242.148371 -0.022208
26.034429 242.237213 -0.018498
26.739902 242.336450 -0.016796
27.375487 242.425963 -0.012408
28.066357 242.523736 -0.011041
28.690432 242.612740 -0.010879
29.310906 242.702129 -0.011176
29.991003 242.799222 -0.009161
30.606759 242.887843 -0.006619
31.280653 242.983541 -0.002834
31.889933 243.074572 0.002065
32.496142 243.160468 0.006141
33.160200 243.248794 0.011192
33.760838 243.328901 0.013559
34.419097 243.419914 0.014437
35.015041 243.500990 0.016956
35.668065 243.582603 0.020543
36.264671 243.654376 0.022100
36.866973 243.725422 0.021965
37.537872 243.805407 0.019356
38.155878 243.872183 0.017297
38.845920 243.942682 0.020258
39.482490 244.003241 0.028141
40.191662 244.065946 0.034215
40.845891 244.121101 0.036543
41.510253 244.177404 0.037933
42.252705 244.236354 0.041390
42.938866 244.281330 0.049638
43.704793 244.329109 0.056971
44.412774 244.371990 0.054485
45.206181 244.414282 0.051952
45.941331 244.448054 0.054158
46.688853 244.480244 0.059484
47.527903 244.512626 0.066229
48.304343 244.538771 0.070899
49.174312 244.565080 0.074584
49.978594 244.587101 0.071693
50.795126 244.609983 0.063515
51.706328 244.637020 0.053718
52.548917 244.659656 0.045920
53.489544 244.683995 0.039915
54.358147 244.709566 0.042104
55.326715 244.735894 0.044856
56.218207 244.764268 0.046534
57.120628 244.796598 0.045052
58.124192 244.838386 0.045415
59.047190 244.883627 0.045123
60.071420 244.941540 0.042540
61.012231 244.997411 0.041117
61.960620 245.057488 0.041975
63.010018 245.132275 0.041901
63.965994 245.204467 0.036121
65.018990 245.284859 0.030263
65.979055 245.362553 0.034470
66.941829 245.439703 0.047060
68.003473 245.524067 0.063266
68.970248 245.599896 0.069700
70.033316 245.685670 0.071233
70.998159 245.768132 0.071990
71.961439 245.849801 0.071030
73.018641 245.939256 0.066628
73.978828 246.021935 0.065042
75.035135 246.113958 0.068482
75.995847 246.198742 0.072504
77.049042 246.295055 0.074616
78.003658 246.383411 0.076279
78.955707 246.471647 0.079217
80.000732 246.572892 0.091102
80.948982 246.666876 0.102706
81.987811 246.772324 0.109395
82.927860 246.870834 0.113819
83.863925 246.972943 0.118434
84.891038 247.087782 0.120529
85.822068 247.194754 0.124259
86.841538 247.315908 0.125423
87.765113 247.425810 0.120782
88.777591 247.545257 0.114668
89.693453 247.652505 0.112057
90.605539 247.755334 0.110850
91.604610 247.867035 0.115569
92.511053 247.971763 0.125844
93.502848 248.087575 0.135537
94.400734 248.189652 0.138343
95.295876 248.289982 0.137952
96.278518 248.398584 0.138238
97.171092 248.493510 0.140853
98.151625 248.594458 0.142520
99.041897 248.682686 0.141534
100.019832 248.772488 0.143202
100.909280 248.851170 0.140995
101.800147 248.925932 0.138811
102.782118 249.001675 0.138396
103.673900 249.069587 0.139790
104.656421 249.134578 0.136392
105.549882 249.185441 0.134956
106.446888 249.227524 0.134329
107.432743 249.264867 0.128978
108.331035 249.291403 0.121569
109.320928 249.309113 0.113998
110.222737 249.316808 0.108650
111.215503 249.315632 0.103467
112.121007 249.307794 0.097181
113.028508 249.288765 0.095121
114.027491 249.254647 0.099194
114.936471 249.213850 0.098195
115.936091 249.157196 0.095196
116.846625 249.096125 0.098142
117.757450 249.029439 0.107848
118.759891 248.951447 0.112845
119.670019 248.878904 0.117851
120.670657 248.797459 0.124282
121.578920 248.724009 0.132324
122.489191 248.655741 0.139527
123.489878 248.583447 0.149276
124.399291 248.525109 0.155364
125.396815 248.467855 0.152471
126.303165 248.424499 0.144741
127.297619 248.382594 0.136506
128.200336 248.350449 0.133674
129.101845 248.325040 0.136060
130.092085 248.305823 0.143922
130.989384 248.292581 0.151198
131.971154 248.282376 0.154276
132.860480 248.278753 0.154593
133.742755 248.279718 0.154697
134.704462 248.283143 0.156294
135.564876 248.287319 0.159587
136.497965 248.296909 0.170537
137.329529 248.309268 0.185618
138.142773 248.321465 0.197257
139.020812 248.335852 0.201998
139.813320 248.346760 0.196869
140.680071 248.362436 0.188327
141.467807 248.379655 0.186165
142.332203 248.397837 0.187740
143.116734 248.411683 0.191979
143.897404 248.425086 0.200643
144.754334 248.439166 0.209703
145.532193 248.449037 0.215086
146.383884 248.456513 0.219507
147.155267 248.462162 0.215758
147.998897 248.469663 0.203493
148.763267 248.474930 0.195273
149.525781 248.479977 0.192829
150.362334 248.486733 0.198440
151.119647 248.498210 0.210308
151.948687 248.513060 0.214499
152.698456 248.528416 0.212612
153.445171 248.547212 0.212593
154.262312 248.568876 0.213412
155.002452 248.591783 0.211791
155.815308 248.620668 0.210328
156.554436 248.650785 0.212582
157.365148 248.685319 0.215521
158.098230 248.719237 0.214182
158.826114 248.754396 0.205450
159.613850 248.791693 0.194206
160.316456 248.828375 0.189815
161.070429 248.868033 0.191488
161.737500 248.901715 0.195529
162.385098 248.931699 0.199189
163.074906 248.964535 0.205586
163.677755 248.993479 0.207134
164.314074 249.025239 0.206208
164.866464 249.046856 0.203019
165.447364 249.067352 0.199105
165.950774 249.083538 0.197115
166.431964 249.104133 0.198368
166.939348 249.126172 0.202467
167.389428 249.141692 0.203881
167.883243 249.151904 0.204676
168.323097 249.165410 0.207785
168.802938 249.178244 0.211090
169.233315 249.192980 0.216129
169.697408 249.199140 0.219931
170.106074 249.201994 0.224460
170.499427 249.204007 0.229462
170.909460 249.203388 0.236134
171.259167 249.202895 0.241191
171.618308 249.199268 0.242127
171.930050 249.193570 0.240204
172.238325 249.184282 0.237617
172.573847 249.173693 0.237494
172.877116 249.160843 0.238402
173.206810 249.147362 0.240568
173.503385 249.131449 0.238768
173.826004 249.115214 0.237440
174.116687 249.097958 0.235014
174.404846 249.082418 0.234877
174.718232 249.061311 0.233153
175.005691 249.041738 0.229750
175.326240 249.017832 0.225676
175.622847 248.993960 0.223929
175.952400 248.961177 0.221999
176.256022 248.926472 0.220458
176.563849 248.888488 0.219620
176.908254 248.843367 0.219337
177.226033 248.797372 0.219727
177.583369 248.735409 0.221329
177.916253 248.672487 0.222963
178.292963 248.595728 0.224016
178.644835 248.517741 0.226023
179.043177 248.420514 0.226504
179.413677 248.319295 0.225010
179.790898 248.202755 0.226171
180.213612 248.055910 0.230316
180.604396 247.908106 0.235697
181.040336 247.725856 0.239399
181.441827 247.543658 0.241653
181.886740 247.320568 0.242992
182.292261 247.097176 0.242699
182.699569 246.853353 0.245283
183.147860 246.561893 0.247639
183.554861 246.278910 0.249973
183.999966 245.946418 0.254116
184.398227 245.619653 0.258077
184.829601 245.235836 0.260910
185.215270 244.864433 0.261767
185.595785 244.474839 0.264510
186.005258 244.022290 0.271336
186.368710 243.590620 0.279239
186.759811 243.093826 0.286135
187.106437 242.622035 0.290774
187.471693 242.077483 0.298406
187.786667 241.560879 0.306603
188.086479 241.023768 0.313816
188.401903 240.415219 0.317187
188.669968 239.843849 0.317926
188.935129 239.195511 0.316119
189.151973 238.588580 0.314304
189.351786 237.970209 0.312917
189.550666 237.275785 0.314776
189.703914 236.629395 0.317504
189.847241 235.902861 0.321067
189.956406 235.229404 0.331968
190.055743 234.476624 0.352706
190.128040 233.783350 0.371048
190.183661 233.080901 0.384896
190.225079 232.298804 0.396643
190.248547 231.581042 0.407097
190.259157 230.781167 0.419325
190.255507 230.047331 0.429171
190.234721 229.303926 0.437209
190.197971 228.480646 0.442588
190.149703 227.723576 0.441991
190.080434 226.886566 0.432982
190.000295 226.119795 0.425749
189.907912 225.348676 0.416761
189.798466 224.491607 0.407731
189.686474 223.707427 0.413224
189.548252 222.839819 0.429776
189.414807 222.049161 0.437750
189.276201 221.256282 0.442947
189.121756 220.379481 0.452496
188.979828 219.580281 0.460493
188.817640 218.698468 0.470560
188.667949 217.895460 0.480289
188.516801 217.090235 0.490667
188.350054 216.205366 0.505907
188.199077 215.400491 0.519527
188.038003 214.517849 0.532943
187.895843 213.717024 0.545830
187.760471 212.918601 0.558319
187.618132 212.042823 0.570438
187.494993 211.249721 0.580645
187.364567 210.380994 0.591893
187.252597 209.597245 0.602367
187.137751 208.745177 0.614163
187.040513 207.982460 0.624772
186.948580 207.232806 0.635732
186.853761 206.427101 0.649128
186.773049 205.712207 0.660651
186.688945 204.947516 0.671741
186.614899 204.269819 0.680363
186.543013 203.608309 0.687733
186.464574 202.897587 0.697173
186.389027 202.203863 0.707199
186.321340 201.587583 0.715560
186.253160 200.986935 0.722890
186.176482 200.342855 0.731083
186.107156 199.773271 0.738908
186.029307 199.159395 0.746834
185.955526 198.609225 0.754566
185.878119 198.064492 0.762100
185.788210 197.472189 0.770148
185.700044 196.942597 0.776987
185.595616 196.370687 0.784424
185.490798 195.864060 0.790988
185.376614 195.370034 0.796340
185.241992 194.837689 0.801433
185.106608 194.362521 0.806304
184.939799 193.850438 0.812817
184.768890 193.396468 0.818749
184.559728 192.911259 0.826147
184.353683 192.481355 0.831057
184.105471 192.023790 0.837845
183.860744 191.623409 0.845074
183.575364 191.196246 0.854166
183.299901 190.824048 0.862257
183.006954 190.470141 0.866693
182.663824 190.104415 0.870483
182.334350 189.789190 0.871051
181.954292 189.457831 0.871301
181.590200 189.171385 0.874715
181.169307 188.876119 0.878924
180.767929 188.627234 0.878882
180.307101 188.375171 0.876873
179.870066 188.162231 0.873336
179.417120 187.965174 0.871470
178.900253 187.766819 0.869263
178.413325 187.606189 0.869220
177.861124 187.442922 0.867165
177.345308 187.304363 0.861202
176.763468 187.165195 0.851563
176.219122 187.050536 0.841763
175.661097 186.943406 0.830291
175.030086 186.832774 0.816800
174.441903 186.741674 0.811089
173.838793 186.657111 0.811375
173.159382 186.569161 0.811442
172.527409 186.494199 0.805556
171.817427 186.420878 0.798810
171.157852 186.360930 0.793459
170.485949 186.307014 0.787588
169.733087 186.248302 0.780270
169.035424 186.194910 0.774485
168.253577 186.134421 0.768510
167.529668 186.076902 0.762740
166.794587 186.019868 0.757947
165.972021 185.957894 0.752248
165.212401 185.901337 0.745838
164.362604 185.839472 0.738972
163.578233 185.783844 0.733425
162.782301 185.728688 0.727984
161.893743 185.668036 0.722523
161.073910 185.612089 0.715732
160.159200 185.550712 0.708387
159.316039 185.496753 0.701169
158.462345 185.445174 0.694013
157.511834 185.390005 0.686401
156.637462 185.343100 0.680488
155.666518 185.294695 0.674463
154.775919 185.253595 0.668443
153.789694 185.207427 0.660747
152.886531 185.165376 0.654331
151.978659 185.122448 0.648495
150.975786 185.073286 0.641432
150.061692 185.027759 0.635466
149.055889 184.977298 0.628396
148.141198 184.930805 0.622765
147.226588 184.882928 0.616196
146.220156 184.829796 0.609529
145.306649 184.780706 0.604112
144.301512 184.726303 0.597239
143.388477 184.674267 0.593805
142.385415 184.622013 0.594233
141.476510 184.574023 0.588304
140.569756 184.527418 0.578857
139.574984 184.477566 0.570000
138.672212 184.433474 0.563421
137.680944 184.385428 0.556700
136.781522 184.341771 0.548832
135.884111 184.299281 0.541276
134.899194 184.253075 0.532456
134.005469 184.211812 0.524656
133.024134 184.166467 0.516453
132.133054 184.124297 0.510087
131.153446 184.078542 0.504180
130.262357 184.037052 0.499012
129.370144 183.995777 0.494179
128.387928 183.950372 0.489386
127.494548 183.909157 0.484270
126.510623 183.864313 0.476494
125.614719 183.824894 0.470188
124.716268 183.785825 0.464927
123.725512 183.746258 0.461209
122.822238 183.712560 0.458702
121.826420 183.677897 0.456060
120.918987 183.648360 0.452248
119.917306 183.618801 0.447133
119.002216 183.594900 0.444396
118.084824 183.568651 0.439943
117.072538 183.537480 0.430823
116.148811 183.513112 0.419083
115.127349 183.479839 0.413587
114.193335 183.448082 0.412422
113.160916 183.412081 0.412418
112.217292 183.377590 0.410987
111.267957 183.338462 0.407838
110.217082 183.288015 0.402235
109.255770 183.236482 0.398926
108.192378 183.173124 0.395971
107.219938 183.107705 0.390992
106.242441 183.037335 0.383388
105.162755 182.957316 0.374734
104.176074 182.882465 0.369480
103.084493 182.797805 0.369462
102.085552 182.721668 0.374157
100.980320 182.636544 0.379961
99.969694 182.558003 0.384610
98.955441 182.477421 0.387741
97.836482 182.387138 0.386379
96.816479 182.303123 0.380393
95.691590 182.210056 0.373607
94.667229 182.125090 0.367201
93.642830 182.038203 0.359963
92.514890 181.943993 0.351529
91.488796 181.858370 0.345442
90.359614 181.766003 0.340281
89.333761 181.683802 0.336384
88.205988 181.593244 0.333472
87.181595 181.512935 0.330666
86.157282 181.430639 0.324151
85.030307 181.341101 0.318454
84.004817 181.259988 0.315914
82.878223 181.171272 0.311530
81.854440 181.090818 0.307646
80.830966 181.009703 0.302413
79.704693 180.919685 0.300141
78.680638 180.837392 0.298042
77.555470 180.744936 0.293077
76.532773 180.661330 0.287377
75.407787 180.569870 0.281030
74.384376 180.484617 0.276169
73.360704 180.398403 0.270744
72.235483 180.307776 0.263069
71.211529 180.225731 0.255552
70.081713 180.139713 0.254057
69.051612 180.068526 0.261402
68.018948 180.002594 0.266038
66.881396 179.933092 0.268463
65.845522 179.873824 0.267751
64.704721 179.813007 0.267085
63.665574 179.760234 0.262176
62.520391 179.705228 0.254895
61.478019 179.658502 0.247849
60.433929 179.612346 0.241070
59.283095 179.563958 0.238550
58.234476 179.521321 0.239651
57.077549 179.475318 0.243562
56.024102 179.434018 0.244518
54.968673 179.390492 0.242728
53.803400 179.342613 0.239871
52.739825 179.297028 0.237272
51.565345 179.242675 0.231652
50.496722 179.190471 0.219104
49.319879 179.130641 0.198813
48.245844 179.070912 0.184396
47.165547 179.007125 0.182300
45.972305 178.932017 0.184012
44.884350 178.860130 0.179040
43.684295 178.775596 0.169155
42.589136 178.696215 0.162405
41.490136 178.614712 0.157257
40.276869 178.523220 0.148929
39.169631 178.438907 0.139569
37.947103 178.340810 0.128540
36.832226 178.249241 0.120400
35.715222 178.153632 0.111514
34.482841 178.046606 0.103802
33.362561 177.945461 0.098768
32.131168 177.832910 0.087646
31.014257 177.727644 0.075349
29.786723 177.608415 0.065058
28.674049 177.497877 0.056651
27.562449 177.386858 0.049670
26.342442 177.262225 0.043263
25.234897 177.149586 0.037930
24.020636 177.023469 0.031308
22.918500 176.907613 0.024052
21.818287 176.791213 0.017460
20.612505 176.662476 0.010341
19.520131 176.543822 0.004657
18.323063 176.414352 0.002917
17.237783 176.295593 0.006600
16.156179 176.178517 0.015418
14.971080 176.046288 0.019674
13.901254 175.922790 0.020069
12.732126 175.786342 0.017962
11.677260 175.661233 0.015023
10.525980 175.522348 0.013854
9.492276 175.395541 0.009541
8.470395 175.268777 0.003060
7.360350 175.129810 -0.003412
6.365850 175.003508 -0.009160
5.288702 174.866948 -0.014312
4.325483 174.742968 -0.019557
3.376837 174.617882 -0.025809
2.351594 174.479632 -0.032733
1.433565 174.356553 -0.040206
0.441057 174.221965 -0.047274
-0.446323 174.101487 -0.052452
-1.403354 173.968923 -0.056659
-2.257613 173.848664 -0.060273
-3.095220 173.730682 -0.063108
-4.000719 173.602347 -0.067301
-4.808180 173.489269 -0.068260
-5.682644 173.369358 -0.072309
-6.465296 173.265780 -0.073306
-7.315579 173.157562 -0.075929
-7.850563 173.092352 -0.076675
-8.590245 173.064228 -0.074877
-9.329927 173.036105 -0.073080
-10.069610 173.007982 -0.071282
-10.809292 172.979858 -0.069484
-11.548974 172.951735 -0.067687
-12.288656 172.923612 -0.065890
-13.028338 172.895489 -0.064092
-13.768021 172.867366 -0.062295
-14.507703 172.839243 -0.060498
-15.247385 172.811121 -0.058701
-15.987067 172.782998 -0.056904
-16.726750 172.754876 -0.055107
-17.466432 172.726753 -0.053310
-18.206114 172.698631 -0.051514
-18.945796 172.670509 -0.049717
-19.414273 172.670031 -0.050619
-19.984703 172.666845 -0.050903
-20.592185 172.662878 -0.050912
-21.124557 172.655787 -0.048724
-21.637426 172.646134 -0.048077
-22.178365 172.631470 -0.051092
-22.646582 172.617967 -0.054298
-23.135956 172.601163 -0.057984
-23.555740 172.584668 -0.061075
-23.952395 172.566192 -0.064097
-24.358635 172.542925 -0.067546
-24.703352 172.523227 -0.069645
-25.053797 172.500751 -0.072492
-25.350801 172.481004 -0.073477
-25.653438 172.460513 -0.072768
-25.908436 172.443764 -0.071136
-26.144777 172.429014 -0.070022
-26.389796 172.414301 -0.068207
-26.602499 172.401889 -0.067445
-26.829843 172.386919 -0.067621
-27.029924 172.374020 -0.066897
-27.243256 172.360921 -0.063739
-27.433579 172.349003 -0.061557
-27.623419 172.334680 -0.061779
-27.832476 172.317014 -0.064739
-28.022523 172.301723 -0.065014
-28.230923 172.287133 -0.063146
-28.419383 172.273574 -0.060682
-28.607805 172.258210 -0.058638
-28.815470 172.239250 -0.060790
-29.003544 172.220879 -0.061469
-29.210175 172.199125 -0.062682
-29.400999 172.177791 -0.063743
-29.626811 172.151424 -0.071876
-29.847508 172.127057 -0.076805
-30.087306 172.100230 -0.080132
-30.370518 172.068918 -0.078195
-30.646012 172.037800 -0.077203
-30.966460 172.001833 -0.077677
-31.275953 171.964263 -0.081256
-31.637327 171.917678 -0.085246
-31.989030 171.869178 -0.090000
-32.361887 171.815029 -0.093189
-32.795932 171.753492 -0.091412
-33.214057 171.696927 -0.085805
-33.698330 171.633299 -0.079474
-34.160185 171.571911 -0.075019
-34.688914 171.498457 -0.074089
-35.187180 171.434634 -0.070398
-35.701559 171.373829 -0.064631
-36.287198 171.307049 -0.065380
-36.838162 171.243727 -0.070974
-37.466237 171.162831 -0.083533
-38.056251 171.082497 -0.095871
-38.665926 171.005162 -0.106028
-39.358496 170.923758 -0.110668
-40.004559 170.839944 -0.119421
-40.730582 170.736211 -0.124901
-41.406632 170.641017 -0.136003
-42.167955 170.531212 -0.153675
-42.878934 170.426624 -0.162077
-43.608513 170.323533 -0.153282
-44.430378 170.206656 -0.137622
-45.192938 170.096787 -0.126165
-46.045357 169.970650 -0.128571
-46.835722 169.850005 -0.132335
-47.722304 169.714852 -0.132277
-48.543617 169.587827 -0.124513
-49.376520 169.456603 -0.112141
-50.304766 169.312219 -0.102386
-51.159873 169.180684 -0.097766
-52.112395 169.030690 -0.091926
-52.988893 168.892237 -0.088252
-53.967102 168.740225 -0.087340
-54.866918 168.598904 -0.087955
-55.777490 168.459827 -0.088272
-56.792409 168.308381 -0.082745
-57.725675 168.172986 -0.078798
-58.760464 168.023473 -0.076759
-59.708613 167.888772 -0.077642
-60.662514 167.754294 -0.077014
-61.719545 167.608453 -0.076074
-62.686444 167.475120 -0.074607
-63.756499 167.328256 -0.072150
-64.735172 167.193552 -0.068631
-65.816487 167.043466 -0.063878
-66.805103 166.902619 -0.063518
-67.797654 166.763423 -0.063296
-68.896391 166.607703 -0.058635
-69.897345 166.462386 -0.052820
-71.001862 166.305815 -0.047526
-72.009949 166.161719 -0.049609
-73.122709 166.004341 -0.047542
-74.135150 165.860926 -0.043499
-75.148933 165.718125 -0.044430
-76.263095 165.559052 -0.045729
-77.276278 165.413283 -0.047797
-78.388206 165.251728 -0.047829
-79.399195 165.107999 -0.046205
-80.411004 164.962512 -0.041057
-81.526508 164.804492 -0.034856
-82.540229 164.659332 -0.035110
-83.652828 164.498387 -0.049173
-84.662701 164.351396 -0.067089
-85.673109 164.206166 -0.081587
-86.787191 164.045219 -0.091821
-87.801967 163.901311 -0.091198
-88.919503 163.742183 -0.087845
-89.936137 163.598776 -0.087260
-91.055259 163.442176 -0.087486
-92.072293 163.299353 -0.085910
-93.089253 163.156948 -0.086554
-94.208167 162.998420 -0.081783
-95.226276 162.854789 -0.073997
-96.347900 162.694943 -0.066617
-97.367699 162.546892 -0.062158
-98.488317 162.383201 -0.066611
-99.507479 162.232066 -0.073360
-100.528404 162.079181 -0.074638
-101.653420 161.909814 -0.068678
-102.677995 161.754852 -0.060275
-103.805670 161.588303 -0.052202
-104.831018 161.436687 -0.053718
-105.856213 161.282711 -0.056279
-106.983803 161.109729 -0.054234
-108.009771 160.947908 -0.050264
-109.139069 160.770018 -0.043863
-110.166557 160.607952 -0.042877
-111.297296 160.426546 -0.036323
-112.324436 160.259628 -0.028402
-113.350161 160.086838 -0.020229
-114.479887 159.894592 -0.013264
-115.507122 159.716955 -0.000071
-116.639855 159.519582 0.019971
-117.669368 159.332817 0.038229
-118.700184 159.146053 0.051451
-119.833894 158.935488 0.063170
-120.864094 158.743470 0.065161
-121.997519 158.529154 0.068357
-123.028108 158.331580 0.078947
-124.060216 158.130109 0.092940
-125.196521 157.903532 0.111226
-126.230328 157.695718 0.126485
-127.365707 157.461455 0.137195
-128.397760 157.244437 0.144535
-129.533912 157.002236 0.155138
-130.567507 156.781870 0.164987
-131.600845 156.556525 0.172540
-132.738946 156.306994 0.184478
-133.772800 156.074344 0.196387
-134.911029 155.819413 0.209072
-135.945745 155.585366 0.219630
-136.982323 155.353084 0.232355
-138.123176 155.093266 0.251158
-139.161550 154.856824 0.265492
-140.302345 154.590620 0.271531
-141.341077 154.348666 0.279685
-142.381464 154.105629 0.292371
-143.526813 153.836797 0.307214
-144.568825 153.591400 0.320807
-145.716065 153.320900 0.337977
-146.760887 153.073202 0.354751
-147.913288 152.804225 0.374804
-148.961569 152.558358 0.389724
-150.009656 152.312212 0.399906
-151.163152 152.039275 0.414366
-152.214300 151.791303 0.431864
-153.371381 151.515398 0.454632
-154.427019 151.267979 0.476867
-155.483727 151.019887 0.494326
-156.646790 150.744638 0.510593
-157.705607 150.494099 0.522910
-158.871881 150.216740 0.534667
-159.932757 149.962790 0.546198
-161.100756 149.682796 0.561968
-162.163591 149.427351 0.579449
-163.228109 149.173486 0.597379
-164.400514 148.891421 0.614942
-165.466483 148.635530 0.630881
-166.641568 148.356599 0.643537
-167.710313 148.103305 0.657934
-168.779226 147.851690 0.674758
-169.952954 147.570659 0.688230
-171.021175 147.313005 0.703199
-172.196017 147.028329 0.726344
-173.263633 146.769787 0.743236
-174.329838 146.514770 0.756198
-175.502731 146.233989 0.769425
-176.568693 145.978683 0.784324
-177.739126 145.695046 0.800740
-178.800716 145.435799 0.813205
-179.967959 145.149028 0.826301
-181.028714 144.889010 0.841857
-182.089562 144.629570 0.858983
-183.253364 144.344713 0.871255
-184.307078 144.086887 0.876281
-185.459588 143.800323 0.873531
-186.505261 143.540312 0.880533
-187.549852 143.282659 0.903289
-188.698011 143.002614 0.932185
-189.738333 142.747618 0.950013
-190.877969 142.471345 0.956706
-191.906994 142.219250 0.957421
-192.930029 141.970288 0.957747
-194.048481 141.697983 0.963579
-195.064498 141.455534 0.980437
-196.181675 141.188608 1.008828
-197.191986 140.947154 1.031515
-198.291388 140.677244 1.028908
-199.279106 140.430899 1.016409
-200.255405 140.186112 1.008686
-201.322249 139.920986 1.009963
-202.287965 139.682761 1.022831
-203.346649 139.420750 1.049544
-204.304458 139.183241 1.070637
-205.254645 138.945428 1.083460
-206.290825 138.688371 1.084675
-207.226728 138.458828 1.082758
-208.249581 138.203836 1.082494
-209.173560 137.973743 1.085902
-210.091011 137.744773 1.083321
-211.096065 137.494631 1.079974
-212.004879 137.268782 1.088326
-212.997366 137.019787 1.094105
-213.892669 136.796200 1.091318
-214.872885 136.555923 1.097325
-215.758982 136.339440 1.112223
-216.639823 136.124648 1.125480
-217.601953 135.890939 1.138697
-218.470032 135.678223 1.150314
-219.416945 135.442657 1.157123
-220.273577 135.228897 1.165315
-221.126368 135.014221 1.177650
-222.059270 134.773165 1.193263
-222.903513 134.556238 1.203957
-223.827811 134.318534 1.215061
-224.660107 134.096086 1.225130
-225.487795 133.870770 1.228051
-226.393061 133.621731 1.236966
-227.211770 133.386466 1.253780
-228.106099 133.122755 1.273185
-228.912197 132.878137 1.286994
-229.791129 132.607406 1.296009
-230.582919 132.356198 1.300220
-231.368102 132.098443 1.306987
-232.225481 131.810176 1.318902
-233.001757 131.546045 1.333169
-233.849765 131.256353 1.348769
-234.617143 130.995333 1.358725
-235.376009 130.733162 1.367080
-236.207777 130.448483 1.377591
-236.954459 130.191027 1.390676
-237.765219 129.913013 1.392986
-238.489230 129.665977 1.395451
-239.277396 129.404589 1.399318
-239.985412 129.175437 1.407048
-240.758945 128.937853 1.416766
-241.455747 128.739347 1.419834
-242.144658 128.552907 1.424145
-242.894240 128.360282 1.432475
-243.566920 128.194643 1.437412
-244.297078 128.023642 1.443948
-244.951635 127.878693 1.449053
-245.665586 127.732656 1.454713
-246.306047 127.612596 1.457948
-246.939410 127.501978 1.461512
-247.627790 127.397026 1.464531
-248.243247 127.311522 1.465982
-248.908990 127.231842 1.471588
-249.501908 127.168321 1.473473
-250.141012 127.112511 1.479957
-250.710754 127.066805 1.485513
-251.272572 127.031545 1.491160
-251.879738 127.003766 1.498728
-252.423130 126.984687 1.508427
-253.007147 126.970167 1.517849
-253.527898 126.962244 1.521483
-254.035837 126.964840 1.523805
-254.583988 126.974145 1.528529
-255.070972 126.984298 1.533094
-255.595884 126.996133 1.538437
-256.061756 127.002599 1.542645
-256.517509 127.010282 1.542878
-257.006231 127.018207 1.545063
-257.437500 127.023010 1.547762
-257.895126 127.024409 1.550414
-258.294899 127.021525 1.551580
-258.681691 127.012395 1.551030
-259.093715 126.994279 1.551167
-259.456171 126.971456 1.552518
-259.839525 126.940417 1.555601
-260.175435 126.906631 1.557724
-260.498550 126.863376 1.559382
-260.842903 126.804350 1.561338
-261.147331 126.740076 1.561609
-261.471521 126.659665 1.561658
-261.758857 126.579567 1.560534
-262.039332 126.489903 1.562516
-262.343013 126.381557 1.566015
-262.611281 126.273912 1.568608
-262.898197 126.143773 1.571673
-263.149197 126.014500 1.573283
-263.387667 125.874794 1.574169
-263.642770 125.714519 1.579921
-263.867991 125.560164 1.585080
-264.111517 125.386375 1.590117
-264.324573 125.223591 1.598389
-264.551053 125.042294 1.604380
-264.745093 124.865659 1.603521
-264.937465 124.681724 1.601388
-265.147434 124.469679 1.600964
-265.335168 124.268476 1.599495
-265.538079 124.041989 1.596447
-265.723518 123.838699 1.597465
-265.925716 123.609632 1.608707
-266.105789 123.396037 1.615463
-266.282273 123.178343 1.615979
-266.475282 122.931760 1.612710
-266.649566 122.704200 1.603667
-266.835556 122.443450 1.597568
-267.003524 122.200794 1.597596
-267.168256 121.950182 1.604041
-267.348774 121.669621 1.614262
-267.508890 121.406782 1.621852
-267.680382 121.109059 1.627176
-267.827186 120.825932 1.629166
-267.983676 120.503939 1.634529
-268.122597 120.200553 1.638344
-268.259942 119.885894 1.640167
-268.402053 119.527003 1.636613
-268.525321 119.183905 1.630198
-268.649827 118.785943 1.619740
-268.751524 118.404711 1.610855
-268.854063 118.007888 1.612559
-268.956617 117.545583 1.620948
-269.037621 117.106498 1.623768
-269.110652 116.602235 1.626131
-269.167187 116.120912 1.628785
-269.222369 115.564533 1.631738
-269.272076 115.035962 1.631936
-269.322860 114.487131 1.635873
-269.375484 113.856879 1.639239
-269.415027 113.261397 1.640103
-269.446169 112.576141 1.635444
-269.464145 111.927048 1.632128
-269.475103 111.181939 1.630058
-269.472823 110.479791 1.634984
-269.459229 109.752846 1.634089
-269.430637 108.928936 1.625682
-269.395191 108.155773 1.617426
-269.344893 107.279538 1.611896
-269.289888 106.459169 1.606503
-269.221261 105.533576 1.605079
-269.154332 104.669764 1.603380
-269.084243 103.785925 1.596104
-269.002150 102.788975 1.590859
-268.926006 101.861277 1.587131
-268.839338 100.813915 1.581284
-268.756408 99.840052 1.577389
-268.660821 98.743664 1.571398
-268.569392 97.724732 1.562957
-268.473326 96.684766 1.552876
-268.362602 95.515391 1.542949
-268.256162 94.429138 1.541169
-268.135650 93.209812 1.543252
-268.025152 92.087402 1.547218
-267.901758 90.845559 1.548087
-267.787987 89.716841 1.549039
-267.675450 88.590949 1.541346
-267.546686 87.355683 1.530993
-267.426160 86.235096 1.525337
-267.291659 85.001804 1.520949
-267.163919 83.881102 1.518261
-267.032285 82.760452 1.510682
-266.886960 81.526569 1.501869
-266.754331 80.405552 1.496693
-266.606854 79.171328 1.489185
-266.470253 78.049664 1.484268
-266.315506 76.817397 1.478888
-266.171046 75.698606 1.473338
-266.023672 74.583754 1.466735
-265.861144 73.359291 1.457990
-265.711371 72.248385 1.449456
-265.546021 71.028670 1.442267
-265.396260 69.922728 1.433740
-265.246819 68.819353 1.426358
-265.082497 67.607748 1.421922
-264.932799 66.507821 1.416928
-264.765140 65.300033 1.409394
-264.610846 64.205636 1.399638
-264.441029 63.005222 1.388259
-264.284344 61.916706 1.381379
-264.125616 60.830630 1.374530
-263.949228 59.639388 1.365889
-263.787856 58.560053 1.357704
-263.608404 57.375797 1.349482
-263.443160 56.300815 1.344707
-263.277444 55.227920 1.344350
-263.094467 54.051846 1.341438
-262.929147 52.986267 1.336082
-262.747891 51.817430 1.328134
-262.583425 50.759164 1.322191
-262.421244 49.701867 1.319154
-262.244080 48.542059 1.323542
-262.088396 47.490175 1.325426
-261.924204 46.337836 1.324342
-261.783315 45.290889 1.324043
-261.633441 44.140858 1.328398
-261.498058 43.097167 1.330936
-261.364135 42.053917 1.330506
-261.215705 40.906767 1.323676
-261.082725 39.865599 1.312961
-260.936357 38.723080 1.288980
-260.807981 37.684837 1.268567
-260.686095 36.645529 1.255921
-260.550933 35.500298 1.249158
-260.426553 34.457894 1.247071
-260.288848 33.310530 1.243459
-260.161257 32.267480 1.233658
-260.020829 31.123754 1.222118
-259.895105 30.087126 1.206145
-259.771339 29.050759 1.189385
-259.638336 27.910595 1.174969
-259.515551 26.878448 1.163679
-259.378880 25.746469 1.151719
-259.253353 24.719020 1.142725
-259.125048 23.693736 1.133632
-258.981834 22.568062 1.121275
-258.850979 21.548045 1.109229
-258.705780 20.428998 1.096116
-258.572263 19.414613 1.083201
-258.423168 18.301913 1.071796
-258.286341 17.291617 1.063054
-258.148154 16.283085 1.056425
-257.994143 15.179216 1.046691
-257.853557 14.176450 1.038902
-257.698733 13.076795 1.029740
-257.555916 12.078472 1.019402
-257.414361 11.083821 1.009392
-257.259308 9.992173 0.998215
-257.119838 9.002402 0.988144
-256.966567 7.915154 0.978607
-256.828440 6.929829 0.969237
-256.679063 5.847611 0.960005
-256.546820 4.867096 0.951543
-256.417817 3.889678 0.941249
-256.278585 2.812019 0.930589
-256.156147 1.835209 0.920875
-256.024695 0.764198 0.912083
-255.907594 -0.205944 0.904276
-255.782416 -1.272577 0.897178
-255.670115 -2.239931 0.890865
-255.560326 -3.205744 0.885223
-255.440849 -4.264353 0.878208
-255.335073 -5.224046 0.874260
-255.218261 -6.275762 0.865810
-255.112265 -7.230843 0.859259
-255.007885 -8.181770 0.854624
-254.892547 -9.225105 0.848851
-254.786584 -10.169221 0.842880
-254.665484 -11.203571 0.836971
-254.549917 -12.139320 0.831954
-254.427021 -13.071129 0.828356
-254.281795 -14.092467 0.824560
-254.140974 -15.016214 0.821153
-253.974693 -16.027397 0.814489
-253.815178 -16.942741 0.807153
-253.646742 -17.852663 0.799284
-253.450177 -18.848209 0.788356
-253.260650 -19.749625 0.779145
-253.040235 -20.736919 0.773100
-252.826370 -21.629355 0.766292
-252.597098 -22.515722 0.754633
-252.326355 -23.483808 0.740274
-252.060759 -24.358794 0.730027
-251.748206 -25.314976 0.716814
-251.445195 -26.180214 0.706210
-251.126256 -27.041174 0.694355
-250.752513 -27.982149 0.680320
-250.393986 -28.832561 0.668330
-249.977499 -29.760516 0.656417
-249.577295 -30.599813 0.644069
-249.156263 -31.433492 0.634880
-248.668365 -32.343112 0.627235
-248.201861 -33.162284 0.616903
-247.666083 -34.055245 0.605597
-247.156723 -34.859353 0.592338
-246.626134 -35.655099 0.575729
-246.015571 -36.519301 0.554492
-245.437907 -37.296141 0.538023
-244.776825 -38.139363 0.521968
-244.156952 -38.896937 0.498580
-243.453581 -39.720304 0.472540
-242.792798 -40.462829 0.460025
-242.113484 -41.197349 0.449686
-241.346205 -41.997037 0.436961
-240.630609 -42.717192 0.424364
-239.827862 -43.505787 0.412304
-239.086325 -44.220720 0.399311
-238.336691 -44.934578 0.389256
-237.503587 -45.722357 0.380431
-236.739581 -46.440418 0.373199
-235.889366 -47.232332 0.365473
-235.111121 -47.955136 0.362261
-234.248177 -48.752453 0.356946
-233.459907 -49.478378 0.354063
-232.590424 -50.278527 0.350266
-231.799317 -51.005964 0.346100
-231.009126 -51.735024 0.342034
-230.142995 -52.538633 0.340174
-229.359616 -53.272268 0.340646
-228.504943 -54.084167 0.341234
-227.733674 -54.826406 0.339768
-226.969100 -55.571361 0.337744
-226.137342 -56.395174 0.334463
-225.386798 -57.147781 0.331484
-224.571196 -57.981365 0.328247
-223.839175 -58.744366 0.325977
-223.045341 -59.589764 0.323220
-222.332418 -60.361281 0.319339
-221.627182 -61.135541 0.314054
-220.855115 -61.986775 0.307854
-220.157348 -62.758524 0.305422
-219.393844 -63.604787 0.301091
-218.704172 -64.372071 0.296270
-218.020369 -65.139049 0.293676
-217.272479 -65.981418 0.290954
-216.596046 -66.743765 0.287727
-215.856573 -67.578604 0.283219
-215.186538 -68.334212 0.279045
-214.519593 -69.088559 0.276480
-213.790418 -69.915140 0.273268
-213.131391 -70.662237 0.270841
-212.411913 -71.479141 0.269200
-211.762494 -72.216434 0.266489
-211.119760 -72.945348 0.262329
-210.425127 -73.732011 0.258284
-209.809269 -74.430918 0.254138
-209.146613 -75.177136 0.249223
-208.559076 -75.835108 0.247807
-207.985743 -76.471071 0.245934
-207.370061 -77.145520 0.242520
-206.823433 -77.736007 0.238380
-206.234390 -78.359806 0.237698
-205.711807 -78.901911 0.238387
-205.205472 -79.423250 0.236672
-204.665444 -79.970152 0.232212
-204.188706 -80.445790 0.228445
-203.681474 -80.945415 0.225380
-203.233658 -81.381953 0.224046
-202.798663 -81.801012 0.223070
-202.333365 -82.244492 0.222148
-201.921910 -82.630579 0.220592
-201.478562 -83.040223 0.217236
-201.081577 -83.398572 0.213040
-200.649749 -83.778606 0.208487
-200.260968 -84.109416 0.207388
-199.877364 -84.429186 0.206145
-199.461509 -84.766748 0.205230
-199.090526 -85.059087 0.205116
-198.690267 -85.363023 0.207550
-198.334073 -85.622944 0.211670
-197.986220 -85.867390 0.215752
-197.614966 -86.116078 0.218400
-197.288128 -86.322911 0.218880
-196.944701 -86.526106 0.221810
-196.647199 -86.689953 0.224098
-196.364262 -86.832822 0.226302
-196.072392 -86.973037 0.225210
-195.816975 -87.088866 0.222607
-195.538749 -87.209580 0.222652
-195.285668 -87.311923 0.224383
-195.033509 -87.408835 0.226136
-194.756482 -87.504497 0.229790
-194.505538 -87.580690 0.232246
-194.231909 -87.657500 0.234985
-193.983918 -87.720604 0.237067
-193.735811 -87.776281 0.240110
-193.460189 -87.828755 0.244863
-193.202291 -87.869833 0.248609
-192.907749 -87.909148 0.250272
-192.629866 -87.941314 0.252676
-192.311288 -87.967612 0.259056
-192.010259 -87.982929 0.265122
-191.698170 -87.990712 0.270709
-191.342465 -87.990470 0.270552
-191.007229 -87.980780 0.271653
-190.624367 -87.957742 0.275716
-190.262621 -87.925510 0.280160
-189.887258 -87.875532 0.283681
-189.457123 -87.803632 0.284030
-189.049303 -87.721884 0.286546
-188.581503 -87.614845 0.292482
-188.137953 -87.499766 0.298691
-187.631105 -87.355360 0.302355
-187.152029 -87.204121 0.304920
-186.656990 -87.035265 0.305036
-186.094264 -86.826471 0.301232
-185.567150 -86.617704 0.296032
-184.969875 -86.364355 0.291361
-184.410999 -86.115190 0.292326
-183.838858 -85.843609 0.293460
-183.196386 -85.517377 0.295261
-182.603103 -85.195049 0.290041
-181.943276 -84.811818 0.281260
-181.336123 -84.435894 0.268999
-180.661008 -83.994888 0.250798
-180.045441 -83.560070 0.240925
-179.427382 -83.094706 0.240606
-178.743468 -82.552644 0.243050
-178.118380 -82.032054 0.245699
-177.426464 -81.431632 0.244742
-176.793506 -80.860828 0.240433
-176.091097 -80.208271 0.231725
-175.445299 -79.595249 0.224945
-174.792260 -78.967279 0.221026
-174.063406 -78.262697 0.217530
-173.392163 -77.614509 0.215153
-172.640934 -76.892965 0.206424
-171.947008 -76.229034 0.200362
-171.169621 -75.487259 0.199629
-170.452324 -74.802795 0.202242
-169.649796 -74.039200 0.202280
-168.909204 -73.337435 0.200851
-168.156430 -72.627111 0.197247
-167.316774 -71.837123 0.190503
-166.541746 -71.112407 0.184718
-165.676465 -70.307925 0.181370
-164.876576 -69.569201 0.183458
-163.984754 -68.749268 0.189022
-163.162873 -68.000255 0.189341
-162.330711 -67.249945 0.180749
-161.402296 -66.424586 0.173052
-160.545851 -65.674205 0.167466
-159.591102 -64.849256 0.162677
-158.713637 -64.101547 0.159494
-157.831101 -63.356385 0.155205
-156.853828 -62.539578 0.146654
-155.958492 -61.800869 0.139108
-154.965765 -60.993116 0.132754
-154.055371 -60.265170 0.129899
-153.045639 -59.472250 0.128519
-152.122039 -58.761642 0.124939
-151.194533 -58.058014 0.119055
-150.172957 -57.290392 0.114065
-149.240213 -56.600451 0.106113
-148.214388 -55.846201 0.095478
-147.282426 -55.173814 0.081097
-146.350463 -54.501426 0.066716
-145.325288 -53.763745 0.063572
-144.393699 -53.092257 0.067467
-143.372735 -52.352740 0.063376
-142.444857 -51.679534 0.057718
-141.514698 -51.008419 0.050794
-140.489544 -50.272379 0.042957
-139.555250 -49.605243 0.034231
-138.527166 -48.867107 0.031528
-137.590595 -48.194217 0.034430
-136.653761 -47.519597 0.041360
-135.621530 -46.779047 0.049131
-134.683326 -46.108381 0.053695
-133.650757 -45.372774 0.057270
-132.713696 -44.706145 0.059911
-131.777275 -44.039372 0.063048
-130.748164 -43.305265 0.070886
-129.814025 -42.637883 0.078433
-128.787718 -41.906755 0.084356
-127.856769 -41.247812 0.083684
-126.928943 -40.592047 0.081838
-125.913045 -39.871824 0.081283
-124.993629 -39.215937 0.083487
-123.986115 -38.494589 0.089866
-123.073665 -37.840577 0.095572
-122.165934 -37.186929 0.098202
-121.173527 -36.468808 0.098233
-120.275272 -35.816773 0.098101
-119.288581 -35.099745 0.104257
-118.392110 -34.454884 0.110877
-117.497707 -33.818227 0.101848
-116.512908 -33.128702 0.085826
-115.613841 -32.509007 0.077209
-114.617285 -31.838006 0.079107
-113.703425 -31.238698 0.084818
-112.692541 -30.591544 0.083748
-111.769564 -30.016328 0.075046
-110.843115 -29.452021 0.064452
-109.818240 -28.839466 0.060078
-108.880548 -28.288678 0.063713
-107.848438 -27.687680 0.062894
-106.913635 -27.142220 0.052071
-105.974893 -26.606494 0.037829
-104.938661 -26.019468 0.034576
-103.993469 -25.490849 0.038744
-102.951483 -24.914845 0.044195
-102.002368 -24.394001 0.047661
-101.053755 -23.872900 0.048601
-100.010338 -23.296425 0.049024
-99.063326 -22.770465 0.044318
-98.021353 -22.196106 0.036897
-97.072748 -21.679770 0.026522
-96.025586 -21.120035 0.025686
-95.065882 -20.619923 0.040816
-94.102190 -20.125925 0.059310
-93.039079 -19.589182 0.073136
-92.069694 -19.107917 0.080964
-90.999610 -18.586855 0.088801
-90.022742 -18.122567 0.095507
-89.041964 -17.666657 0.101588
-87.957878 -17.174688 0.108387
-86.968172 -16.733187 0.116366
-85.875292 -16.256756 0.123524
-84.878746 -15.829941 0.128337
-83.778580 -15.368578 0.131908
-82.776529 -14.956563 0.134066
-81.774344 -14.551036 0.136941
-80.672596 -14.109329 0.138855
-79.671099 -13.710089 0.144667
-78.570914 -13.272642 0.152860
-77.571621 -12.878058 0.156612
-76.573856 -12.488278 0.153107
-75.477408 -12.066429 0.145355
-74.481690 -11.685721 0.139866
-73.386726 -11.272588 0.136881
-72.392099 -10.899009 0.133849
-71.398522 -10.528187 0.125407
-70.307779 -10.122176 0.116593
-69.317306 -9.754562 0.108685
-68.228431 -9.354089 0.102952
-67.239189 -8.992986 0.099645
-66.249432 -8.636146 0.097092
-65.162174 -8.246454 0.091061
-64.176528 -7.895160 0.083404
-63.093843 -7.512211 0.074657
-62.111921 -7.166001 0.069921
-61.130625 -6.821679 0.068360
-60.052683 -6.445929 0.067989
-59.075628 -6.105104 0.064176
-58.003536 -5.735516 0.059074
-57.031726 -5.401004 0.049646
-55.965050 -5.036796 0.041721
-54.997090 -4.710404 0.039143
-54.031035 -4.386334 0.038801
-52.971328 -4.031928 0.037627
-52.009307 -3.711914 0.039794
-50.952018 -3.364472 0.045502
-49.992637 -3.054627 0.049027
-49.037220 -2.748011 0.048234
-47.989129 -2.417719 0.045922
-47.038604 -2.120873 0.047181
-45.995098 -1.796630 0.052201
-45.049363 -1.504818 0.059189
-44.105842 -1.217239 0.066817
-43.071045 -0.905589 0.076224
-42.133880 -0.623400 0.081975
-41.108608 -0.318365 0.086643
-40.182038 -0.043678 0.088137
-39.262380 0.226591 0.089073
-38.260609 0.520891 0.092467
-37.359148 0.782395 0.096668
-36.380277 1.066446 0.103517
-35.502623 1.320092 0.110473
-34.636773 1.568904 0.116039
-33.695257 1.837876 0.120317
-32.849160 2.077542 0.123678
-31.928556 2.336094 0.129588
-31.102336 2.568173 0.133742
-30.287759 2.796377 0.134715
-29.408335 3.041835 0.130851
-28.624586 3.258228 0.124247
-27.781697 3.489838 0.113112
-27.033189 3.696319 0.105058
-26.302714 3.896290 0.099316
-25.519898 4.109142 0.095283
-24.825092 4.294844 0.094134
-24.080628 4.496195 0.095823
-23.420902 4.675070 0.098343
-22.713875 4.868721 0.100825
-22.087199 5.040497 0.098469
-21.477473 5.207417 0.095160
-20.824220 5.388575 0.091645
-20.245950 5.548489 0.087031
-19.624412 5.716757 0.081250
-19.074011 5.863601 0.079000
-18.537453 6.004597 0.078994
-17.964920 6.152321 0.082490
-17.460881 6.280192 0.084872
-16.929439 6.414612 0.084751
-16.466415 6.534557 0.085835
-15.981196 6.658886 0.088278
-15.562249 6.767715 0.090796
-15.166925 6.867703 0.088905
-14.757896 6.972736 0.089234
-14.409144 7.062368 0.092134
-14.047407 7.153292 0.093462
-13.739073 7.230081 0.092959
-13.448445 7.304966 0.094570
-13.145484 7.381999 0.098064
-12.881948 7.449940 0.102673
-12.603236 7.525876 0.109761
-12.359377 7.591995 0.114896
-12.122533 7.656365 0.117689
-11.867670 7.729359 0.119604
-11.639904 7.797088 0.122000
-11.395609 7.877153 0.126891
-11.178413 7.955427 0.132072
-10.965787 8.037126 0.135032
-10.749043 8.126114 0.139213
-10.581237 8.199527 0.143341
-10.436554 8.260623 0.146866
-10.343558 8.303516 0.145973
-10.276081 8.337786 0.142601
-10.241587 8.356522 0.139946
-10.234377 8.361622 0.139229
-10.248520 8.357397 0.138748
-10.257077 8.353914 0.138275
-10.256414 8.356782 0.135254
-10.256080 8.358437 0.132210
-10.257329 8.357384 0.130104
-10.255870 8.358231 0.130059
-10.254241 8.359111 0.130646
-10.254871 8.355471 0.130867
-10.254976 8.352643 0.131752
-10.252746 8.349859 0.133782
-10.251903 8.346887 0.135765
-10.252193 8.344468 0.136719
-10.251081 8.342145 0.138741
-10.248297 8.340350 0.140854
-10.247172 8.338158 0.142014
-10.245486 8.335134 0.143059
-10.244350 8.333378 0.143235
-10.241328 8.330913 0.145905
-10.240067 8.328527 0.146485
-10.237526 8.326558 0.147515
-10.235888 8.325591 0.148140
-10.233619 8.324288 0.149659
-10.231752 8.323109 0.151451
-10.228996 8.321869 0.153885
-10.227269 8.320805 0.155304
-10.225874 8.319282 0.156555
-10.223748 8.318121 0.157013
-10.222049 8.317158 0.157883
-10.219839 8.315166 0.159630
-10.218240 8.314243 0.160370
-10.216222 8.312670 0.161278
-10.214781 8.311776 0.162323
-10.212614 8.310425 0.165161
-10.211153 8.309701 0.165863
-10.209142 8.307937 0.168213
-10.207712 8.306667 0.169587
-10.206261 8.306577 0.171120
-10.204986 8.305802 0.171807
-10.203759 8.304815 0.172165
-10.202808 8.304300 0.172631
-10.202009 8.304024 0.172089
-10.201433 8.303560 0.170838
-10.200746 8.302771 0.169274
-10.200131 8.301653 0.168412
-10.199673 8.300522 0.167778
-10.199047 8.299014 0.166787
-10.198242 8.297947 0.166207
-10.197496 8.297150 0.165734
-10.196805 8.296438 0.165406
-10.196333 8.295879 0.164673
-10.195905 8.295289 0.164895
-10.195952 8.295794 0.165932
-10.195872 8.295198 0.166634
-10.195691 8.295311 0.168320
-10.195419 8.295085 0.169091
-10.195364 8.295141 0.171143
-10.195389 8.295213 0.172272
-10.195601 8.296249 0.173500
-10.195245 8.296145 0.175003
-10.194685 8.295982 0.176407
-10.195015 8.297226 0.177315
-10.194940 8.299554 0.177582
-10.192074 8.302024 0.175873
-10.186474 8.305721 0.174126
-10.177217 8.311958 0.174118
-10.166663 8.319519 0.175530
-10.152728 8.330064 0.177758
-10.137989 8.339871 0.179070
-10.119494 8.351614 0.179825
-10.098719 8.363139 0.179749
-10.069735 8.380288 0.178208
-10.021059 8.405088 0.174737
-9.959097 8.436679 0.173112
-9.868885 8.480691 0.173234
-9.767128 8.532395 0.175011
-9.646087 8.593851 0.177453
-9.491973 8.674646 0.178865
-9.330667 8.759374 0.179338
-9.133407 8.868607 0.182184
-8.936949 8.984871 0.187288
-8.726061 9.117810 0.192194
-8.477338 9.283049 0.195398
-8.244254 9.455109 0.200472
-7.978440 9.669865 0.207361
-7.729204 9.885534 0.214189
-7.476730 10.122685 0.222238
-7.195309 10.408217 0.222932
-6.938419 10.691833 0.220605
-6.685709 11.000186 0.216210
-6.414971 11.369136 0.209504
-6.172809 11.732711 0.206513
-5.913646 12.166926 0.208007
-5.688137 12.593695 0.206893
-5.473146 13.047008 0.204008
-5.259005 13.583323 0.186193
-5.077963 14.100717 0.176563
-4.893381 14.707119 0.171336
-4.741804 15.288572 0.161256
-4.612717 15.898834 0.145065
-4.488017 16.597211 0.130682
-4.391424 17.259846 0.119130
-4.307626 18.016473 0.103617
-4.261106 18.728476 0.087456
-4.236975 19.535166 0.076803
-4.238951 20.289063 0.064151
-4.263665 21.063994 0.052308
-4.319908 21.936525 0.038824
-4.395550 22.752121 0.029894
-4.504732 23.669599 0.023749
-4.624233 24.523739 0.021877
-4.774517 25.484041 0.019462
-4.925227 26.378688 0.018588
-5.103877 27.385131 0.018416
-5.275663 28.320970 0.018969
-5.454946 29.275506 0.018903
-5.659942 30.349027 0.015320
-5.849611 31.347650 0.010852
-6.061003 32.470168 0.009580
-6.255265 33.510204 0.010406
-6.475046 34.673316 0.010544
-6.677978 35.745028 0.007036
-6.885263 36.821976 0.001239
-7.114195 38.011411 -0.004795
-7.323473 39.089994 -0.010273
-7.554335 40.279127 -0.015575
-7.767060 41.357909 -0.020351
-8.002922 42.546446 -0.027065
-8.219771 43.621487 -0.033092
-8.438006 44.696348 -0.040134
-8.679534 45.878172 -0.039532
-8.900008 46.953020 -0.036542
-9.142382 48.133797 -0.034369
-9.359917 49.203518 -0.039200
-9.580072 50.270240 -0.043664
-9.820345 51.438793 -0.049861
-10.039664 52.499456 -0.051678
-10.277734 53.663341 -0.052375
-10.492192 54.718929 -0.051568
-10.727088 55.878644 -0.045711
-10.940511 56.933035 -0.036169
-11.154350 57.985588 -0.028870
-11.389267 59.140665 -0.029804
-11.600023 60.186066 -0.037604
-11.830193 61.333895 -0.049799
-12.040080 62.373901 -0.055341
-12.252441 63.411024 -0.057732
-12.484057 64.551278 -0.056317
-12.696557 65.587098 -0.045403
-12.929877 66.722914 -0.036146
-13.137674 67.752361 -0.033006
-13.364703 68.882941 -0.031538
-13.571114 69.907591 -0.029605
-13.777538 70.929586 -0.028792
-14.004604 72.051388 -0.028050
-14.210807 73.067144 -0.029809
-14.437865 74.180263 -0.034484
-14.645294 75.189229 -0.037434
-14.854145 76.196007 -0.036164
-15.084129 77.301716 -0.031288
-15.293804 78.304548 -0.028409
-15.525024 79.402803 -0.030094
-15.736490 80.398750 -0.039125
-15.946681 81.392595 -0.049140
-16.178611 82.483779 -0.056204
-16.389175 83.471946 -0.060887
-16.621125 84.556876 -0.069668
-16.831948 85.541515 -0.074061
-17.064958 86.621979 -0.079775
-17.276391 87.601294 -0.086526
-17.486991 88.578042 -0.094688
-17.716716 89.650436 -0.103905
-17.922468 90.624104 -0.109878
-18.148220 91.692851 -0.114929
-18.351766 92.662252 -0.120140
-18.555281 93.629684 -0.128653
-18.777144 94.691854 -0.135582
-18.975827 95.656384 -0.142776
-19.190498 96.712560 -0.154588
-19.383813 97.669917 -0.164910
-19.593780 98.720999 -0.165576
-19.784363 99.679319 -0.156322
-19.972050 100.636409 -0.147251
-20.173245 101.687638 -0.140699
-20.350611 102.638485 -0.142721
-20.541170 103.678706 -0.154961
-20.711329 104.622086 -0.162194
-20.879606 105.564241 -0.161791
-21.066912 106.604503 -0.149014
-21.238413 107.554128 -0.133810
-21.428667 108.605347 -0.117998
-21.601592 109.567882 -0.106693
-21.795713 110.634303 -0.096336
-21.969859 111.612297 -0.094034
-22.148438 112.600445 -0.099706
-22.349218 113.696214 -0.107500
-22.532830 114.703641 -0.119016
-22.739036 115.817843 -0.143581
-22.928125 116.840058 -0.163307
-23.121371 117.866192 -0.182705
-23.336517 119.001574 -0.198177
-23.532840 120.042727 -0.203606
-23.754037 121.197112 -0.191803
-23.956925 122.256022 -0.179831
-24.182260 123.428135 -0.172362
-24.388905 124.499760 -0.169469
-24.598399 125.575745 -0.168355
-24.830366 126.766689 -0.168806
-25.044736 127.853991 -0.161962
-25.282163 129.050355 -0.153404
-25.500890 130.137251 -0.150521
-25.721122 131.222522 -0.147866
-25.964139 132.412902 -0.146579
-26.186092 133.493076 -0.144413
-26.431676 134.678900 -0.142966
-26.657100 135.756156 -0.139717
-26.905645 136.936568 -0.140384
-27.132229 138.006527 -0.142903
-27.357935 139.073616 -0.145392
-27.604547 140.245067 -0.144381
-27.827051 141.308719 -0.140217
-28.072388 142.474750 -0.139099
-28.298212 143.529510 -0.146235
-28.525694 144.578814 -0.155491
-28.776967 145.726371 -0.165391
-29.001904 146.763517 -0.168788
-29.248089 147.894898 -0.163924
-29.468558 148.914662 -0.158395
-29.683889 149.924864 -0.151927
-29.918542 151.027585 -0.147178
-30.128929 152.024997 -0.141580
-30.358970 153.117327 -0.138983
-30.564998 154.104517 -0.134613
-30.788861 155.183334 -0.133427
-30.987841 156.156182 -0.134299
-31.184690 157.125881 -0.134278
-31.398512 158.187685 -0.132123
-31.593482 159.148965 -0.130340
-31.800304 160.202194 -0.132229
-31.985402 161.156003 -0.126295
-32.187196 162.202858 -0.122058
-32.368425 163.153552 -0.122320
-32.551067 164.101855 -0.128449
-32.754450 165.145116 -0.138807
-32.940738 166.097641 -0.142517
-33.145163 167.149513 -0.136183
-33.330793 168.109996 -0.130533
-33.516491 169.072808 -0.135061
-33.719413 170.137552 -0.132389
-33.903794 171.110680 -0.132302
-34.115130 172.186460 -0.133187
-34.307997 173.170359 -0.136426
-34.503307 174.159234 -0.149234
-34.722535 175.248343 -0.173518
-34.926310 176.243029 -0.200563
-35.152559 177.343905 -0.226092
-35.364431 178.352640 -0.239373
-35.598650 179.471538 -0.247844
-35.811911 180.494943 -0.249438
-36.022962 181.524717 -0.247981
-36.250856 182.665246 -0.247588
-36.464277 183.707818 -0.244422
-36.698489 184.861655 -0.240902
-36.916500 185.914531 -0.235364
-37.133159 186.969607 -0.234511
-37.369153 188.134286 -0.233845
-37.581668 189.191650 -0.233252
-37.813436 190.353133 -0.237408
-38.022563 191.406915 -0.238493
-38.251344 192.567337 -0.228451
-38.460903 193.619714 -0.215476
-38.671826 194.668396 -0.210680
-38.900882 195.819131 -0.211632
-39.107261 196.862571 -0.209934
-39.332619 198.009345 -0.202311
-39.534478 199.046576 -0.199346
-39.739315 200.080056 -0.199013
-39.960547 201.210803 -0.195930
-40.164401 202.230295 -0.193011
-40.384607 203.338827 -0.195184
-40.580284 204.334722 -0.199543
-40.790578 205.411530 -0.203127
-40.982334 206.370591 -0.206088
-41.171733 207.313097 -0.209180
-41.375361 208.333470 -0.211617
-41.560440 209.249906 -0.205225
-41.754041 210.244171 -0.198133
-41.930454 211.141287 -0.194830
-42.103421 212.032877 -0.195105
-42.294908 213.009883 -0.192514
-42.468014 213.894472 -0.187723
-42.653808 214.864497 -0.180280
-42.824061 215.742669 -0.175664
-43.009865 216.707275 -0.169976
-43.175178 217.582032 -0.165788
-43.339389 218.455535 -0.159952
-43.520891 219.415993 -0.155378
-43.685942 220.287681 -0.152259
-43.868647 221.247392 -0.148623
-44.028033 222.122508 -0.145069
-44.185899 222.997424 -0.143178
-44.364173 223.957768 -0.141886
-44.517943 224.834940 -0.141910
-44.690326 225.802144 -0.125382
-44.857061 226.685053 -0.100398
-45.045012 227.659168 -0.078339
-45.224743 228.551102 -0.058093
-45.414804 229.446915 -0.043722
-45.633725 230.438629 -0.039106
-45.839175 231.347449 -0.046632
-46.072075 232.355526 -0.059778
-46.296378 233.279185 -0.076331
-46.543058 234.306710 -0.091828
-46.762808 235.254029 -0.100096
-46.983392 236.210945 -0.108564
-47.221858 237.277089 -0.113747
-47.438448 238.256816 -0.121026
-47.679123 239.345739 -0.128271
-47.903675 240.347309 -0.128882
-48.152753 241.460982 -0.121899
-48.382058 242.486633 -0.111953
-48.614767 243.524706 -0.105777
-48.870062 244.682533 -0.105831
-49.103367 245.746184 -0.110680
-49.360125 246.927515 -0.115999
-49.590380 248.013879 -0.125115
-49.821423 249.108194 -0.125083
-50.079521 250.319568 -0.116198
-50.317519 251.425249 -0.108637
-50.574009 252.643485 -0.106963
-50.806895 253.747772 -0.108275
-51.063061 254.961292 -0.113331
-51.294657 256.060830 -0.117664
-51.527805 257.156865 -0.120076
-51.779119 258.359785 -0.123468
-52.008132 259.450643 -0.120523
-52.256401 260.649425 -0.110053
-52.480236 261.736493 -0.098579
-52.704687 262.824000 -0.084962
-52.954195 264.014719 -0.076445
-53.179626 265.092154 -0.079910
-53.428926 266.267150 -0.083341
-53.653804 267.333621 -0.077993
-53.899927 268.497900 -0.067035
-54.114537 269.548319 -0.055401
-54.328865 270.588425 -0.049549
-54.563530 271.719097 -0.042656
-54.777494 272.731113 -0.042679
-55.012088 273.828670 -0.046901
-55.223118 274.812682 -0.047998
-55.431096 275.783557 -0.045661
-55.657370 276.834229 -0.041200
-55.861158 277.775480 -0.036627
-56.082900 278.791069 -0.032622
-56.281557 279.696524 -0.033777
-56.499165 280.672546 -0.047654
-56.697404 281.553823 -0.063282
-56.894472 282.432160 -0.076285
-57.108371 283.396988 -0.085439
-57.302240 284.270975 -0.094093
-57.515441 285.228520 -0.102980
-57.706581 286.098984 -0.117067
-57.900566 286.965735 -0.127636
-58.111894 287.917027 -0.141780
-58.302330 288.780536 -0.151083
-58.508891 289.730391 -0.156705
-58.695340 290.595951 -0.154595
-58.900144 291.552325 -0.147369
-59.080839 292.427783 -0.141125
-59.254492 293.306658 -0.136917
-59.446669 294.279173 -0.136765
-59.620849 295.166561 -0.139509
-59.809927 296.151043 -0.143012
-59.980343 297.052783 -0.149831
-60.147053 297.966096 -0.158016
-60.330771 298.977923 -0.170653
-60.494835 299.906367 -0.191221
-60.676047 300.938831 -0.206286
-60.836124 301.893004 -0.213604
-61.011130 302.953182 -0.215548
-61.166459 303.925453 -0.225369
-61.319276 304.903688 -0.239722
-61.485913 305.989560 -0.247482
-61.634411 306.988856 -0.238368
-61.799338 308.097175 -0.221822
-61.943074 309.109580 -0.220621
-62.096527 310.229725 -0.226742
-62.231634 311.255740 -0.228991
-62.364938 312.289286 -0.225938
-62.508080 313.435268 -0.218107
-62.634701 314.484362 -0.209836
-62.771551 315.646560 -0.201197
-62.891003 316.710519 -0.195506
-63.005431 317.781019 -0.199696
-63.125532 318.966240 -0.206851
-63.226258 320.049861 -0.217794
-63.335546 321.249545 -0.227972
-63.434258 322.346513 -0.241189
-63.543678 323.562770 -0.244868
-63.642970 324.677485 -0.243827
-63.743938 325.799863 -0.239392
-63.854150 327.045627 -0.237458
-63.956090 328.191516 -0.235061
-64.070191 329.458981 -0.225621
-64.173923 330.611969 -0.214467
-64.276323 331.765129 -0.203549
-64.388671 333.034005 -0.191325
-64.494399 334.186291 -0.177425
-64.612244 335.450951 -0.168391
-64.719740 336.593888 -0.167064
-64.830199 337.734165 -0.165454
-64.951000 338.983725 -0.157709
-65.065250 340.121615 -0.138034
-65.188725 341.366840 -0.123011
-65.303276 342.496588 -0.106410
-65.430793 343.731718 -0.094347
-65.551466 344.850344 -0.078166
-65.672373 345.965153 -0.062915
-65.806585 347.187983 -0.043307
-65.926963 348.293856 -0.029582
-66.060098 349.501149 -0.019205
-66.180855 350.594784 -0.010119
-66.300959 351.685757 0.008344
-66.438299 352.882451 0.031622
-66.566787 353.963751 0.040541
-66.709302 355.145842 0.038345
-66.840579 356.213467 0.024513
-66.974293 357.274719 0.013725
-67.118131 358.438844 0.005617
-67.249865 359.494126 0.011416
-67.394030 360.650597 0.017796
-67.523941 361.695969 0.017125
-67.665237 362.837098 0.016829
-67.793552 363.864032 0.014320