49.05349304789598 8.39721998765449 113.11204528806999
49.05349211281648 8.39720509910899 113.11767578123499
49.05349117773698 8.39719021056350 113.12330627439999
49.05349024265748 8.39717532201800 113.12893676756499
49.05348930757798 8.39716043347250 113.13456726072999
49.05348837249849 8.39714554492700 113.14019775389500
49.05348743741899 8.39713065638150 113.14582824706000
49.05348650233949 8.39711576783600 113.15145874022500
49.05348556725999 8.39710087929050 113.15708923339000
49.05348463218049 8.39708599074500 113.16271972655500
49.05348369710099 8.39707110219950 113.16835021972000
49.05348276202150 8.39705621365400 113.17398071288500
49.053481826942 8.3970413251085 113.17961120605
49.053480944221 8.3970272217075 113.18538665771
49.053479956783 8.3970115480175 113.19087219238
49.053478871381 8.3969943010656 113.19692993164
49.053477878354 8.3969786210133 113.20172119141
49.053476778635 8.3969613761613 113.20576477051
49.053475768755 8.3969457003142 113.20932006836
49.053474752615 8.3969300136995 113.21513366699
49.053473627254 8.3969127592036 113.22221374512
49.053472602541 8.3968970774719 113.22826385498
49.053471456639 8.3968798204849 113.23337554932
49.053470409751 8.3968641191852 113.24047088623
49.053469359312 8.396848422971 113.24313354492
49.0534681945 8.3968311637063 113.24666595459
49.053467134482 8.3968154773087 113.2507019043
49.053465950369 8.3967982206829 113.25654602051
49.053464869748 8.3967825319921 113.26370239258
49.053463781926 8.396766839132 113.27111816406
49.053462577778 8.3967495618507 113.27735900879
49.053461474619 8.3967338599155 113.28353881836
49.05346025846 8.3967165897258 113.29141998291
49.053459142027 8.3967008875471 113.29811859131
49.053458027235 8.3966851885595 113.30461883545
49.053456796452 8.3966679254013 113.30941009521
49.053455671991 8.3966522278399 113.31246185303
49.053454414173 8.396634949734 113.31527709961
49.053453279556 8.3966192259644 113.31764984131
49.053452159876 8.396603492639 113.31676483154
49.053450955792 8.3965861648069 113.31271362305
49.053449878409 8.3965704032625 113.30711364746
49.053448818969 8.3965546403677 113.2945022583
49.053447660843 8.3965372898203 113.28102111816
49.053446606323 8.3965214982923 113.27230072021
49.053445471579 8.3965041101648 113.26441192627
49.053444435681 8.3964882962332 113.25775909424
49.053443400783 8.3964724754784 113.25142669678
49.053442238333 8.3964550633656 113.24903869629
49.053441161213 8.3964392398736 113.24333953857
49.053439960854 8.3964218527307 113.23567962646
49.053438864862 8.3964060528427 113.22972869873
49.053437765117 8.3963902667915 113.22399902344
49.053436568425 8.3963729177882 113.21783447266
49.053435471266 8.3963571529407 113.21226501465
49.053434267632 8.3963398390061 113.2085723877
49.053433163205 8.3963241332048 113.20003509521
49.053432048251 8.3963084504117 113.18969726562
49.05343081913 8.3962912227573 113.18343353271
49.053429707653 8.3962756010906 113.17776489258
49.053428489888 8.3962584594847 113.1714630127
49.053427391001 8.3962428975354 113.16796875
49.053426298146 8.396227356759 113.16310882568
49.053425145644 8.3962103181364 113.15975952148
49.053424147056 8.3961948621574 113.1509475708
49.053423070456 8.3961778662255 113.14734649658
49.053422114038 8.3961624215011 113.15216827393
49.05342119441 8.396147023892 113.15289306641
49.053420195402 8.396130129117 113.1457824707
49.053419354396 8.3961148116137 113.14185333252
49.053418480812 8.3960979973566 113.14041900635
49.053417716809 8.3960827342685 113.14265441895
49.053416968903 8.3960674905577 113.14794921875
49.053416191626 8.3960507608515 113.15123748779
49.053415529413 8.3960355825961 113.1520614624
49.05341485124 8.3960189060593 113.15255737305
49.053414267504 8.3960037376092 113.15644073486
49.053413717055 8.3959885461605 113.16261291504
49.053413152545 8.3959718121996 113.16735076904
49.053412666526 8.3959565928091 113.17107391357
49.053412173395 8.3959398443099 113.17394256592
49.053411743149 8.3959246002101 113.17311096191
49.053411344852 8.3959093080274 113.17132568359
49.053410921745 8.3958924242385 113.1711730957
49.053410557486 8.3958770050182 113.17558288574
49.053410161799 8.3958599788854 113.18349456787
49.053409805201 8.3958444306827 113.19174957275
49.053409445644 8.3958288229163 113.19938659668
49.053409050043 8.3958115635381 113.20571136475
49.053408652739 8.3957957916404 113.21004486084
49.053408187672 8.3957783835221 113.21443939209
49.05340771993 8.3957625157887 113.21784973145
49.0534072222 8.3957466113991 113.22243499756
49.053406634133 8.3957290712075 113.22969055176
49.053406051568 8.39571309583 113.23531341553
49.05340536214 8.3956954915047 113.24040222168
49.053404680078 8.3956794659589 113.24366760254
49.053403945572 8.3956634216725 113.24765014648
49.0534030864 8.3956457500122 113.25347137451
49.053402254034 8.3956296607134 113.26010131836
49.053401269787 8.3956119204942 113.26736450195
49.053400324559 8.3955957579299 113.27420806885
49.053399352508 8.3955795698826 113.28029632568
49.05339825462 8.3955617251573 113.28513336182
49.05339724547 8.3955454647813 113.29029083252
49.053396123689 8.3955275499258 113.29537200928
49.053395068048 8.3955112156765 113.29666137695
49.053394002106 8.3954948447265 113.29895019531
49.053392829718 8.3954768116024 113.29514312744
49.053391761982 8.3954603874781 113.28769683838
49.053390602806 8.3954422763141 113.28471374512
49.053389560407 8.3954257743772 113.28366088867
49.053388483571 8.3954092489567 113.28078460693
49.053387296153 8.3953910391106 113.27518463135
49.053386215287 8.395374455355 113.26586151123
49.053385044313 8.3953561586566 113.2575302124
49.05338396753 8.3953394906894 113.2526473999
49.053382867102 8.3953228009358 113.24864959717
49.053381649506 8.3953044217979 113.24436950684
49.053380533438 8.3952877014422 113.239112854
49.053379429731 8.3952709912751 113.23120880127
49.053378224405 8.3952526195874 113.22064208984
49.053377127941 8.3952359287054 113.21510314941
49.053375943399 8.3952176041513 113.2119140625
49.053374861211 8.3952009563361 113.21084594727
49.053373789589 8.3951843190193 113.21695709229
49.053372628834 8.395166037303 113.22903442383
49.053371554388 8.395149437116 113.23709869385
49.05337037926 8.395131184052 113.24617004395
49.05336929171 8.3951146015556 113.25155639648
49.053368219424 8.3950980251442 113.25562286377
49.053367030306 8.3950798009995 113.26027679443
49.053365952981 8.3950632303508 113.26647949219
49.053364754111 8.3950450062137 113.27230834961
49.053363659676 8.3950284476852 113.27642059326
49.053362554781 8.3950118873234 113.27938079834
49.053361323275 8.3949936659813 113.28596496582
49.05336020657 8.3949771042775 113.29322052002
49.053358971618 8.3949588851394 113.30028533936
49.053357843561 8.3949423161496 113.30812072754
49.053356705075 8.3949257399314 113.31819915771
49.053355444441 8.3949075084002 113.32754516602
49.053354290138 8.3948909322781 113.33444213867
49.053353010358 8.3948726943949 113.34146881104
49.053351838012 8.3948561146707 113.34754180908
49.053350667023 8.3948395374992 113.35330200195
49.053349381418 8.3948212953835 113.36273956299
49.053348209075 8.3948047303522 113.37083435059
49.053346931656 8.3947865240488 113.37937164307
49.053345769354 8.3947699831216 113.38970184326
49.053344611928 8.3947534421187 113.40097808838
49.053343323217 8.3947352691733 113.41269683838
49.053342142059 8.3947187919591 113.41412353516
49.053340838695 8.3947007331635 113.41342163086
49.053339660488 8.3946843435522 113.41694641113
49.053338498011 8.3946679802744 113.42527008057
49.053337215584 8.3946500155356 113.43505096436
49.053336054484 8.3946337191992 113.44432067871
49.053334789002 8.3946158387618 113.45297241211
49.053333651556 8.3945996393808 113.45953369141
49.053332535783 8.3945834881064 113.46463012695
49.053331334317 8.3945657799422 113.4734954834
49.053330266057 8.394549742126 113.48347473145
49.053329103837 8.3945321684218 113.49579620361
49.053328063377 8.3945162629292 113.50690460205
49.053327035858 8.3945004318806 113.51556396484
49.05332592442 8.3944831011331 113.52299499512
49.053324933262 8.3944674170674 113.52950286865
49.053323868681 8.3944502644164 113.53829956055
49.05332291117 8.3944347790862 113.54319763184
49.053321964082 8.3944194258168 113.54904937744
49.053320951826 8.394402714534 113.55626678467
49.053320048921 8.3943877053906 113.56261444092
49.053319069784 8.3943714169091 113.57089996338
49.053318172819 8.3943568191032 113.57521820068
49.053317272756 8.3943424134435 113.57906341553
49.053316283988 8.3943267623554 113.5834274292
49.05331539877 8.3943127126501 113.58888244629
49.053314431303 8.3942974381508 113.59573364258
49.053313561646 8.3942837153492 113.60247802734
49.053312697815 8.394270143465 113.60916900635
49.053311731558 8.3942554284115 113.61570739746
49.053310842106 8.3942422701562 113.61959075928
49.053309854571 8.394228083719 113.62043762207
49.053308965969 8.3942154583491 113.62274932861
49.053308074872 8.3942031173308 113.62758636475
49.053307094293 8.3941898660864 113.6328125
49.053306204558 8.3941781338427 113.6362991333
49.053305228277 8.3941655540784 113.64086914062
49.053304333393 8.3941544201946 113.64604949951
49.053303440727 8.3941435499523 113.65194702148
49.053302447294 8.3941318688255 113.65689849854
49.053301553849 8.3941214987966 113.66160583496
49.053300592662 8.394110342732 113.66869354248
49.053299747175 8.3941004425031 113.67511749268
49.053298921766 8.3940907456841 113.6796875
49.053298020885 8.3940802142924 113.68109893799
49.053297212496 8.3940706843865 113.682762146
49.053296329234 8.3940602595696 113.68605804443
49.053295537882 8.3940508181713 113.69051361084
49.053294765631 8.3940414240739 113.69541168213
49.053293934566 8.3940311415461 113.70107269287
49.053293177519 8.3940218357225 113.70565795898
49.053292371112 8.3940116569615 113.71028137207
49.0532916461 8.3940024463808 113.71370697021
49.053290948429 8.3939932758748 113.71745300293
49.053290216902 8.3939832378017 113.7240447998
49.053289572566 8.3939741588344 113.72986602783
49.053288884552 8.393964211975 113.73573303223
49.053288279041 8.393955192893 113.73905944824
49.053287682087 8.3939461500857 113.74166107178
49.053287033987 8.3939361438625 113.74613189697
49.0532864611 8.3939269918691 113.75079345703
49.053285824873 8.3939168713991 113.7550201416
49.053285266202 8.3939076433988 113.7580947876
49.053284659576 8.3938974474015 113.75982666016
49.053284123644 8.3938881209634 113.75831604004
49.053283592009 8.3938787199748 113.75774383545
49.053283024772 8.3938682934936 113.7607421875
49.053282499779 8.3938587301376 113.76606750488
49.053281914098 8.3938481184186 113.77172851562
49.053281370777 8.393838372646 113.77751922607
49.053280827554 8.3938285550134 113.78199005127
49.053280242769 8.3938176613794 113.78881072998
49.053279713708 8.3938076455105 113.79328918457
49.053279093202 8.3937965008055 113.80005645752
49.053278503813 8.3937862606181 113.80995941162
49.053277940905 8.3937759296513 113.8180847168
49.05327735237 8.393764459821 113.8171005249
49.053276779889 8.3937539439096 113.80759429932
49.053276174117 8.3937422329776 113.80307769775
49.05327566398 8.3937314605373 113.80623626709
49.053275184427 8.3937205830252 113.81462097168
49.053274694962 8.3937085209381 113.82453918457
49.053274260715 8.393697509837 113.82902526855
49.053273781842 8.3936853768287 113.83376312256
49.053273366822 8.3936743466494 113.8364944458
49.053272984875 8.3936633064738 113.8380279541
49.053272588498 8.3936511388702 113.84208679199
49.053272233471 8.3936400550409 113.85055541992
49.053271850122 8.3936278544273 113.86009216309
49.053271534578 8.3936167545584 113.86541748047
49.053271254737 8.393605637262 113.86859130859
49.053270993985 8.3935933823724 113.87273406982
49.053270763964 8.3935822135552 113.87631988525
49.053270540285 8.3935699007557 113.87942504883
49.053270320209 8.3935586961219 113.88358306885
49.053270107882 8.3935474682946 113.887840271
49.053269876278 8.3935350788911 113.89196777344
49.053269657503 8.3935237975694 113.8977432251
49.05326941382 8.3935113854601 113.9024887085
49.053269166977 8.3935001169627 113.90458679199
49.053268908 8.3934888572182 113.90670776367
49.053268623498 8.3934764808558 113.90997314453
49.053268349998 8.393465257208 113.91430664062
49.053268043648 8.3934529421306 113.91918182373
49.053267750496 8.3934417850733 113.9249420166
49.053267448007 8.3934306718136 113.93154144287
49.053267086098 8.3934185375262 113.93771362305
49.053266720046 8.3934076076803 113.94170379639
49.053266280092 8.3933957281634 113.94380187988
49.053265862806 8.3933850639189 113.94528198242
49.053265429097 8.3933745687541 113.94683074951
49.053264903196 8.3933632429353 113.94755554199
49.053264389043 8.3933531683576 113.94644165039
49.05326379862 8.3933423568341 113.946434021
49.053263270243 8.3933327946496 113.94829559326
49.053262739463 8.3933234939159 113.95057678223
49.053262127148 8.3933135565962 113.95255279541
49.053261549971 8.3933048045781 113.95399475098
49.053260898433 8.3932954279157 113.95560455322
49.053260286361 8.3932870979224 113.96008300781
49.053259630778 8.3932789286458 113.9663848877
49.053258834085 8.393270156663 113.97323608398
49.053258026899 8.393262378403 113.9782409668
49.053257078646 8.393254070486 113.98310852051
49.053256135497 8.3932467205875 113.98845672607
49.053255091801 8.3932395736435 113.9938583374
49.053253819658 8.3932319296633 114.00017547607
49.053252564593 8.3932251914942 114.00668334961
49.05325121238 8.3932186793196 114.01703643799
49.053249594047 8.3932117734372 114.03179168701
49.053247984572 8.393205728997 114.04371643066
49.053246088698 8.3931993155733 114.05554199219
49.053244225618 8.3931936836557 114.06376647949
49.053242246388 8.3931882428965 114.07196044922
49.053239938133 8.3931824945049 114.08224487305
49.053237701947 8.3931774737001 114.090965271
49.0532353447 8.3931726838122 114.10012817383
49.053232583055 8.3931677011864 114.1082611084
49.053229940208 8.3931634519843 114.12014007568
49.05322691787 8.3931590370928 114.13190460205
49.05322406324 8.3931553077596 114.14138793945
49.053221116393 8.3931519039994 114.14895629883
49.05321777052 8.3931485917865 114.15580749512
49.05321464079 8.3931459954843 114.16491699219
49.053211470721 8.3931437176209 114.1717376709
49.053207956495 8.3931415544105 114.17449188232
49.053204733703 8.3931398911222 114.1773223877
49.05320114163 8.3931384442597 114.18402862549
49.053197848548 8.3931374430278 114.1912689209
49.053194481232 8.3931367479501 114.19680786133
49.053190679493 8.3931363219558 114.20362854004
49.053187125878 8.3931362996859 114.20942687988
49.053183498055 8.3931366073441 114.21347808838
49.053179436337 8.3931373678056 114.21766662598
49.053175677548 8.3931384798836 114.22032165527
49.053171489043 8.3931401518287 114.22162628174
49.053167645684 8.3931421139782 114.21937561035
49.053163795886 8.3931445089827 114.21460723877
49.053159562075 8.3931476896792 114.20552825928
49.053155709446 8.393151051762 114.19274139404
49.053151486177 8.393155333366 114.17636108398
49.053147654644 8.3931597272527 114.1611328125
49.053143838961 8.3931646362317 114.14994812012
49.053139645587 8.3931705461461 114.13844299316
49.053135845377 8.3931763839349 114.12802124023
49.053131726338 8.393183373815 114.11357879639
49.053128099398 8.3931902985481 114.09691619873
49.053124243297 8.3931984933599 114.07207489014
49.053120871007 8.3932064715367 114.04865264893
49.05311760451 8.3932149351995 114.02164459229
49.053114165491 8.3932247819122 113.99652862549
49.053111199513 8.3932342494712 113.9826965332
49.053108178689 8.3932451558624 113.97062683105
49.053105617175 8.3932555373731 113.95946502686
49.053102992056 8.3932674305929 113.95050048828
49.053100845072 8.3932787053916 113.94592285156
49.053098962594 8.3932903880422 113.93988800049
49.053097151995 8.3933037002648 113.93449401855
49.053095782257 8.393316183255 113.92961883545
49.053094628461 8.3933303395589 113.91492462158
49.053093841445 8.3933435715298 113.90204620361
49.053093332555 8.3933571716749 113.89712524414
49.053093084493 8.3933724942923 113.89257049561
49.053093141621 8.393386754088 113.88861083984
49.053093520194 8.3934027796768 113.88259887695
49.05309413972 8.3934176522064 113.88089752197
49.053095112018 8.3934342899496 113.87646484375
49.053096235507 8.3934496393573 113.87209320068
49.05309759912 8.3934651471601 113.8667755127
49.053099321597 8.3934824063962 113.86362457275
49.053101054536 8.3934983183303 113.86434936523
49.053103078323 8.3935160572925 113.86520385742
49.053104924945 8.3935324291714 113.86223602295
49.053107008516 8.3935506998625 113.85754394531
49.053108928652 8.3935675292119 113.85521697998
49.053110833737 8.3935845398971 113.85420227051
49.053112896838 8.3936034485775 113.8518371582
49.053114740285 8.3936207641648 113.85290527344
49.053116753968 8.3936398435106 113.85818481445
49.053118516361 8.3936572140331 113.86162567139
49.053120216579 8.3936746192485 113.86347198486
49.05312202342 8.3936938252413 113.86219024658
49.053123622961 8.3937113481572 113.86215209961
49.053125315912 8.3937306732332 113.86187744141
49.053126791825 8.3937482921616 113.86463928223
49.05312820141 8.3937659568946 113.86667633057
49.053129679985 8.3937854481099 113.86024475098
49.053130966878 8.3938032036966 113.85195159912
49.053132337529 8.393822770551 113.84461975098
49.053133564414 8.3938405837822 113.83783721924
49.053134767684 8.3938584324223 113.83129882812
49.053136059443 8.3938781718893 113.83053588867
49.053137206504 8.3938961643291 113.82964324951
49.053138434023 8.393916031254 113.82015228271
49.053139564272 8.3939341290985 113.81304168701
49.053140669408 8.3939522908321 113.80633544922
49.053141889289 8.3939722821459 113.80084228516
49.053143014878 8.3939905160469 113.79399108887
49.053144157301 8.3940087802656 113.78957366943
49.053145434021 8.3940289337352 113.78649902344
49.053146608287 8.3940472791333 113.77544403076
49.05314794628 8.3940675029318 113.76651763916
49.053149175657 8.394085921969 113.75896453857
49.053150415289 8.3941043815908 113.75319671631
49.053151773902 8.3941247486647 113.74617004395
49.053153007229 8.3941432971005 113.7395401001
49.053154237363 8.3941619113769 113.73822021484
49.0531555979 8.3941824229635 113.73622131348
49.053156853368 8.3942011282657 113.73302459717
49.053157866939 8.39421611274 113.73025512695
49.053159512706 8.3942405211034 113.72356414795
49.053160783613 8.3942593402413 113.7144241333
49.053162184591 8.3942801168698 113.70620727539
49.053163465693 8.3942990461559 113.70109558105
49.053164790338 8.3943179749257 113.68721008301
49.053166250497 8.3943388433146 113.67092895508
49.053167584064 8.394357868828 113.65990447998
49.053169051838 8.39437885811 113.64980316162
49.053170380256 8.394397969454 113.63616943359
49.053171722598 8.3944171436116 113.62545776367
49.053173199751 8.3944382774279 113.61891174316
49.05317454326 8.3944575075426 113.60747528076
49.053175862112 8.394476743992 113.59934234619
49.053177314093 8.3944979078105 113.58973693848
49.053178639801 8.3945171476274 113.58419799805
49.053180099992 8.3945382997294 113.57839202881
49.053181420434 8.3945575011999 113.56792449951
49.053182725615 8.3945766826874 113.55631256104
49.053184150297 8.3945977592653 113.54691314697
49.053185428783 8.3946168770984 113.53630828857
49.053186678747 8.3946359761788 113.52713775635
49.053188033401 8.3946569513469 113.52034759521
49.05318924204 8.3946759882923 113.51681518555
49.053190581151 8.3946968810374 113.50975036621
49.053191787262 8.3947158531009 113.50540161133
49.053192975602 8.3947347867757 113.50033569336
49.053194268236 8.394755566797 113.49295806885
49.053195427025 8.3947744028961 113.48243713379
49.053196562389 8.3947931938613 113.47359466553
49.053197781424 8.3948138011541 113.46652984619
49.053198850512 8.3948324368538 113.46050262451
49.053199986508 8.3948527943187 113.44990539551
49.05320098769 8.394871157578 113.44246673584
49.053201951663 8.3948893428537 113.4369430542
49.053202976935 8.3949091012568 113.42919158936
49.053203864565 8.3949268153794 113.42230224609
49.05320471395 8.3949442682674 113.41327667236
49.053205611309 8.394963183782 113.40377807617
49.053206403962 8.39498009298 113.3982925415
49.053207235794 8.3949983496111 113.38973236084
49.05320797504 8.3950146116832 113.38047790527
49.053208707031 8.3950305813532 113.37369537354
49.053209480273 8.3950477702608 113.3705368042
49.053210173465 8.3950630684912 113.36739349365
49.053210855861 8.395078020304 113.36473846436
49.053211593294 8.395094086575 113.36194610596
49.053212246075 8.3951083399196 113.36025238037
49.05321295682 8.3951236198325 113.35370635986
49.053213576463 8.3951371559523 113.34736633301
49.053214182441 8.3951503504313 113.34258270264
49.053214846196 8.3951644884263 113.33862304688
49.05321543913 8.3951769796942 113.33611297607
49.053216016701 8.3951891515024 113.33415222168
49.053216643158 8.3952021752849 113.32907867432
49.053217196763 8.3952137507864 113.32341766357
49.053217807673 8.395226235733 113.3176651001
49.053218362652 8.3952373949354 113.31076812744
49.053218894274 8.3952483671592 113.30262756348
49.053219476605 8.3952602068242 113.29453277588
49.053220024855 8.3952707421265 113.29069519043
49.053220600929 8.3952820813903 113.28739929199
49.053221096226 8.3952921987979 113.28168487549
49.053221591253 8.3953021707395 113.27765655518
49.053222154253 8.3953130217209 113.27662658691
49.053222654742 8.3953227866506 113.27684783936
49.05322318879 8.3953333954244 113.27620697021
49.053223660277 8.3953428976446 113.27319335938
49.053224116095 8.3953522942059 113.26979064941
49.053224603655 8.3953625578732 113.26824951172
49.053225046625 8.3953718435013 113.26954650879
49.053225541834 8.3953820068574 113.27042388916
49.053226005688 8.3953912207004 113.2667388916
49.053226478522 8.3954003950002 113.26402282715
49.053226976135 8.3954104513924 113.2658996582
49.053227394835 8.3954195662454 113.26770019531
49.053227891963 8.3954295078555 113.26934051514
49.053228371603 8.3954384869074 113.27174377441
49.053228820657 8.3954474790792 113.26867675781
49.053229261599 8.3954574707403 113.26000213623
49.053229724159 8.3954666534431 113.25986480713
49.05323025656 8.3954768903712 113.26700592041
49.053230734257 8.3954863454053 113.27340698242
49.053231209843 8.3954959258732 113.27847290039
49.05323174958 8.3955066203373 113.28330993652
49.053232253256 8.3955164929114 113.28423309326
49.053232850542 8.3955275516914 113.27767944336
49.05323343813 8.3955378066115 113.27462005615
49.053234050046 8.3955482758472 113.27653503418
49.053234753795 8.39556004065 113.27965545654
49.053235421561 8.3955709562949 113.27830505371
49.053236191747 8.3955831977948 113.27331542969
49.053236922619 8.3955945488283 113.26446533203
49.053237695879 8.395606116668 113.25480651855
49.053238597832 8.3956190896892 113.24821472168
49.053239481153 8.3956311256957 113.24207305908
49.053240495637 8.3956446005585 113.24008178711
49.053241468062 8.3956570888614 113.23670959473
49.053242483235 8.3956697730608 113.23107910156
49.053243664335 8.3956839654295 113.22204589844
49.053244808999 8.3956970820234 113.21150970459
49.053246130651 8.3957117736059 113.20319366455
49.053247396727 8.3957253498536 113.19953155518
49.053248721681 8.3957391376292 113.19671630859
49.053250217809 8.3957545464557 113.19104003906
49.053251603028 8.3957687711974 113.18757629395
49.053253139304 8.3957846851376 113.18378448486
49.053254558585 8.3957994201793 113.18649291992
49.05325599887 8.3958144010465 113.19351959229
49.053257603782 8.3958310859013 113.19048309326
49.053259088699 8.3958464511028 113.18174743652
49.053260744593 8.3958635878776 113.17398071289
49.053262269713 8.3958793899816 113.17087554932
49.053263795724 8.3958953869674 113.16830444336
49.053265485141 8.3959132185399 113.162940979
49.053267019902 8.3959296370035 113.1626663208
49.053268731764 8.395947927917 113.16051483154
49.053270285165 8.3959647488996 113.15167999268
49.053271833351 8.3959817813678 113.14527130127
49.053273539512 8.3960007283216 113.14163208008
49.053275073673 8.3960181313633 113.12958526611
49.053276735151 8.3960375265088 113.13101196289
49.053278230737 8.3960554100021 113.14836120605
49.053279712568 8.3960735009315 113.15742492676
49.053281332448 8.3960935912164 113.15200805664
49.053282796885 8.3961120581849 113.14320373535
49.053284374763 8.3961326063149 113.13751220703
49.053285797864 8.3961515165141 113.13582611084
49.053287204009 8.3961706174224 113.13384246826
49.053288742094 8.3961918047444 113.13224029541
49.053290131643 8.3962111310504 113.13152313232
49.05329163726 8.3962324152453 113.13031768799
49.05329298209 8.396251765426 113.13031005859
49.053294288724 8.3962710881764 113.12596893311
49.05329570406 8.3962923243057 113.11722564697
49.053296965472 8.396311620648 113.11112976074
49.053298218609 8.3963309208227 113.10623168945
49.053299585702 8.3963521475795 113.10130310059
49.053300820104 8.3963714304915 113.09533691406
49.053302167719 8.3963926286703 113.08631896973
49.053303382341 8.3964119215563 113.08307647705
49.053304596312 8.3964312196864 113.08186340332
49.053305936747 8.3964524182827 113.07341766357
49.053307152699 8.3964716503487 113.06037902832
49.053308387012 8.3964908341434 113.04508972168
49.053309755905 8.3965119050167 113.03475189209
49.053311017166 8.3965310365271 113.03103637695
49.05331240272 8.3965520513463 113.03009796143
49.05331366839 8.3965711372392 113.02905273438
49.053314942664 8.3965901822715 113.02475738525
49.053316358124 8.3966110796326 113.01431274414
49.053317645538 8.3966300267781 113.00193023682
49.053319062457 8.396650842741 112.99362945557
49.053320333026 8.3966697521213 112.99317169189
49.053321589291 8.3966886425098 112.99401855469
49.053322969761 8.3967093608591 112.99166107178
49.05332422963 8.3967281590563 112.98401641846
49.05332548872 8.3967469203138 112.97860717773
49.053326858466 8.3967675321011 112.97329711914
49.053328091286 8.3967862208873 112.96867370605
49.053329424636 8.3968067571938 112.96631622314
49.053330623429 8.3968254021228 112.96524810791
49.053331816361 8.3968440206404 112.96350860596
49.053333129111 8.396864444838 112.9573135376
49.05333433062 8.3968829557409 112.95220947266
49.05333553789 8.3969014102712 112.94814300537
49.053336850526 8.3969216265438 112.94261169434
49.05333802909 8.3969399248666 112.94096374512
49.05333930648 8.3969599629762 112.93714904785
49.053340452427 8.3969781470582 112.93243408203
49.053341589478 8.3969962968889 112.92810821533
49.053342849127 8.3970162140909 112.91912078857
49.053343996068 8.3970342750983 112.90982055664
49.053345162969 8.3970523076287 112.907371521
49.053346435765 8.3970721189583 112.91049194336
49.053347589335 8.3970900971038 112.91232299805
49.053348836601 8.3971098391433 112.91047668457
49.053349946292 8.3971277657804 112.90927124023
49.053351042277 8.3971456778741 112.90605163574
49.053352259589 8.3971653729217 112.89566802979
49.053353376857 8.3971832920528 112.884765625
49.053354637569 8.3972030356084 112.87334442139
49.053355800907 8.3972210195167 112.86599731445
49.053356959913 8.3972390527688 112.86164093018
49.053358232013 8.3972589254827 112.85660552979
49.053359381028 8.3972770273459 112.85261535645
49.053360526698 8.3972951816172 112.84981536865
49.053361788849 8.3973152103547 112.84836578369
49.053362949266 8.3973334563873 112.84475708008
49.053364230639 8.3973535743773 112.84031677246
49.053365398878 8.3973719174702 112.83805084229
49.0533665685 8.3973902909893 112.83399963379
49.053367854263 8.3974105355866 112.82457733154
49.053369020808 8.3974289837242 112.81965637207
49.053370179432 8.3974474761647 112.82061004639
49.053371459883 8.397467841359 112.8187713623
49.053372626206 8.3974863736364 112.81983184814
49.053373917342 8.3975068176474 112.82377624512
49.053375082986 8.3975254502306 112.83277893066
49.053376245956 8.3975441084436 112.83820343018
49.053377517572 8.3975646669945 112.84159088135
49.053378696126 8.397583380407 112.84719848633
49.053379889929 8.3976021025451 112.85087585449
49.053381220897 8.3976227163762 112.85733795166
49.053382414046 8.3976414860635 112.86535644531
49.05338372304 8.3976621025195 112.86582946777
49.053384898444 8.3976808346782 112.86681365967
49.053386077443 8.3976995592416 112.87116241455
49.053387393682 8.3977201305789 112.87631225586
49.05338858647 8.39773880988 112.87964630127
49.053389906577 8.3977593187875 112.88236236572
49.053391106222 8.3977779319235 112.88326263428
49.053392306692 8.3977965121143 112.88311767578
49.053393622561 8.3978168964511 112.87911224365
49.053394819706 8.3978353897368 112.87638092041
49.05339601624 8.3978538797247 112.88089752197
49.053397339217 8.3978742107758 112.88939666748
49.053398549795 8.3978926685441 112.89192962646
49.053399874763 8.3979129541085 112.89169311523
49.053401082192 8.397931391086 112.89091491699
49.053402285092 8.3979498270249 112.8923034668
49.053403613325 8.3979700779208 112.88944244385
49.053404816343 8.3979884805722 112.88734436035
49.053406016095 8.3980068941346 112.89041900635
49.05340731028 8.3980271421262 112.89337921143
49.053408477753 8.3980455391999 112.89524078369
49.053409743738 8.3980657869176 112.8991317749
49.053410907772 8.3980841986691 112.90483856201
49.053412066833 8.3981026023672 112.9098739624
49.053413340324 8.3981228342085 112.91510772705
49.053414482082 8.3981412080453 112.91905975342
49.053415598845 8.3981595562064 112.92333984375
49.053416814886 8.3981797012713 112.92989349365
49.053417912941 8.3981979705143 112.9356918335
49.053419133197 8.3982180261962 112.94546508789
49.053420246345 8.3982362222675 112.95780944824
49.053421361231 8.3982543823172 112.9714050293
49.053422591719 8.3982743059952 112.98429107666
49.053423718093 8.3982923479626 112.99160766602
49.053424995046 8.3983121182739 112.99596405029
49.053426153018 8.3983300375392 113.00479125977
49.053427321136 8.398347924868 113.02000427246
49.053428598504 8.3983675569778 113.03720092773
49.05342974339 8.3983853570703 113.04637145996
49.053430885848 8.3984030931356 113.05211639404
49.053432137429 8.3984225489304 113.0570602417
49.053433287341 8.3984401858509 113.06474304199
49.053434542546 8.3984595375963 113.07315063477
49.053435682079 8.3984770911886 113.08310699463
49.053436798783 8.3984945973388 113.09298706055
49.053438013513 8.3985137949284 113.10132598877
49.05343910631 8.3985311965994 113.10731506348
49.053440184156 8.398548565526 113.11617279053
49.053441362181 8.3985676160832 113.12635040283
49.053442418098 8.3985848875269 113.1315612793
49.053443571516 8.3986038297459 113.1372756958
49.053444601708 8.3986210044721 113.14298248291
49.053445634104 8.3986381365677 113.14806365967
49.053446740841 8.3986569298076 113.15461730957
49.05344774441 8.3986739637029 113.1593170166
49.053448736483 8.3986909537891 113.1647567749
49.053449811304 8.3987095870762 113.17151641846
49.053450774726 8.3987264883424 113.17929840088
49.053451829332 8.3987450322025 113.19050598145
49.053452780978 8.3987618214565 113.19422149658
49.053453741346 8.3987785647695 113.19758605957
49.053454794019 8.3987969258827 113.20552062988
49.053455744463 8.3988135539142 113.21239471436
49.053456783501 8.3988317735078 113.22048187256
49.053457729819 8.3988482620793 113.22734832764
49.053458676195 8.3988646737886 113.23169708252
49.05345971807 8.398882623089 113.23635101318
49.053460652875 8.3988988244504 113.24254608154
49.05346157802 8.398914909338 113.24801635742
49.053462587378 8.3989324823947 113.25541687012
49.053463486735 8.3989483392216 113.26200866699
49.053464459223 8.3989656584539 113.26792144775
49.05346532134 8.3989812773103 113.27187347412
49.053466159921 8.3989967630143 113.27547454834
49.053467055565 8.3990136233285 113.28168487549
49.053467853377 8.3990287727868 113.29000091553
49.053468718707 8.3990451959569 113.29931640625
49.053469482518 8.3990598982266 113.30537414551
49.053470217783 8.399074349002 113.31063842773
49.053471054125 8.3990899691047 113.31372833252
49.053471780886 8.3991038749192 113.32120513916
49.053472503432 8.399117484487 113.3226776123
49.053473273466 8.3991320845364 113.32124328613
49.053473931042 8.3991449987681 113.32492828369
49.053474616111 8.3991588159625 113.3306427002
49.053475203496 8.3991709878428 113.33548736572
49.053475771401 8.3991828041406 113.33950042725
49.05347637519 8.399195343059 113.34306335449
49.053476908437 8.3992063391161 113.34661102295
49.053477511635 8.3992179736965 113.35108947754
49.053478114762 8.3992281726721 113.35546875
49.053478817985 8.3992379883597 113.36210632324
49.053479750293 8.3992483682228 113.36914825439
49.053480729383 8.399257393333 113.37445831299
49.053481822164 8.3992660075744 113.37997436523
49.053483157098 8.3992750437775 113.38469696045
49.053484501123 8.3992828555817 113.38432312012
49.053485994433 8.3992903025248 113.38238525391
49.053487821487 8.3992980488636 113.38578033447
49.053489615414 8.3993047173046 113.39537811279
49.053491751411 8.3993116553351 113.40888214111
49.053493901618 8.3993176735741 113.41752624512
49.053496250853 8.3993234067839 113.42575073242
49.053499047096 8.3993293821799 113.43544006348
49.053501761688 8.3993344733637 113.44937896729
49.053504656572 8.3993392043072 113.46295166016
49.053508006727 8.3993440080277 113.47481536865
49.053511215394 8.3993479691451 113.48288726807
49.053514898359 8.3993518439614 113.495262146
49.053518376903 8.3993549254221 113.50785064697
49.053521940119 8.3993576516099 113.51866912842
49.053525950911 8.399360213289 113.5299911499
49.053529670651 8.3993621706086 113.53987884521
49.053533435964 8.3993636934694 113.549949646
49.053537646297 8.3993648978076 113.56037139893
49.053541510319 8.3993655748139 113.57183074951
49.053545839128 8.399365889497 113.58573913574
49.053549811546 8.3993657557458 113.59645080566
49.053553807508 8.3993651748388 113.6096572876
49.053558202521 8.3993639969098 113.62380218506
49.05356218681 8.3993624698748 113.63265228271
49.053566543787 8.3993603174746 113.6300201416
49.053570487806 8.3993578807191 113.6192855835
49.05357439388 8.3993549603367 113.60739135742
49.053578626789 8.3993511521476 113.59327697754
49.053582405893 8.3993472162399 113.58171844482
49.053586414944 8.3993422742976 113.56977844238
49.053589931179 8.3993372927305 113.55477905273
49.053593290153 8.3993318125381 113.53374481201
49.053596833867 8.3993252815084 113.50936126709
49.05359985495 8.3993188356508 113.4919128418
49.053602963515 8.3993112649493 113.47961425781
49.05360551068 8.3993039327258 113.46824645996
49.053607827153 8.3992962275755 113.45683288574
49.053610065557 8.3992872911936 113.44718170166
49.053611787126 8.3992787203376 113.43753814697
49.053613338925 8.3992688290943 113.4216003418
49.053614437286 8.399259410726 113.40579986572
49.053615366247 8.3992486188383 113.39149475098
49.053616013124 8.3992384369351 113.38292694092
49.053616473236 8.3992279480652 113.3770980835
49.053616695142 8.3992160585987 113.37076568604
49.05361667434 8.3992049675404 113.36448669434
49.053616414727 8.3991924370461 113.3577041626
49.053616003056 8.3991807664881 113.35046386719
49.053615394757 8.3991676067295 113.34365844727
49.053614790708 8.3991553693242 113.34013366699
49.053614117515 8.3991415930265 113.33878326416
49.053613483764 8.3991288096509 113.33679962158
49.053612849275 8.3991157730092 113.33287811279
49.053612089056 8.3991011747971 113.32665252686
49.053611361269 8.3990876549027 113.32071685791
49.053610522963 8.3990725233414 113.31674194336
49.053609747062 8.3990585242645 113.31544494629
49.053608861443 8.3990428482584 113.3109664917
49.053608036369 8.3990283620851 113.30581665039
49.053607158602 8.3990136454794 113.29900360107
49.05360616111 8.3989972231264 113.29429626465
49.053605218261 8.3989820771101 113.29023742676
49.053604169295 8.3989651868296 113.28617095947
49.053603202718 8.398949603859 113.28269195557
49.053602221374 8.3989338274225 113.28173065186
49.0536011297 8.398916238929 113.28108978271
49.053600139673 8.3989000562915 113.27942657471
49.053599067203 8.3988820357049 113.27794647217
49.053598094508 8.3988654427951 113.27962493896
49.053597109962 8.3988486376952 113.28524780273
49.053596043499 8.3988299242653 113.29345703125
49.053595062014 8.3988127317457 113.30239105225
49.053593950961 8.398793619204 113.30717468262
49.053592892104 8.3987760495584 113.31300354004
49.05359180243 8.398758283975 113.32199859619
49.053590553159 8.3987385412395 113.33347320557
49.053589378162 8.398720412342 113.34171295166
49.053588174523 8.3987021216825 113.34717559814
49.05358682175 8.3986817689136 113.35473632812
49.053585569651 8.3986630718975 113.36167907715
49.053584154274 8.3986422986875 113.37239074707
49.053582847291 8.3986232304305 113.38327026367
49.053581501754 8.398603958617 113.39390563965
49.053580036283 8.3985825524987 113.4030380249
49.05357869849 8.3985628994091 113.40626525879
49.053577230926 8.3985411303605 113.41188049316
49.053575892717 8.3985213008286 113.41138458252
49.053574557344 8.3985014898126 113.40406036377
49.053573083448 8.3984796804159 113.39160919189
49.053571757181 8.3984598910127 113.37928009033
49.053570446321 8.3984401213352 113.36609649658
49.053569008208 8.3984183730776 113.35269927979
49.053567704546 8.3983986023707 113.34435272217
49.053566287262 8.3983768151335 113.33521270752
49.053565019459 8.398357037697 113.32357025146
49.053563767518 8.3983372587648 113.31035614014
49.053562387017 8.3983155184659 113.30043792725
49.053561147848 8.3982957383247 113.29148101807
49.053559793998 8.3982740084605 113.27792358398
49.053558575083 8.398254265161 113.26205444336
49.053557355399 8.3982345768909 113.24460601807
49.05355600015 8.3982129728265 113.22380065918
49.053554742476 8.3981933612434 113.2099609375
49.053553490606 8.3981737635139 113.20164489746
49.053552106945 8.3981522382709 113.19164276123
49.053550872041 8.3981327254815 113.17953491211
49.053549515239 8.3981112764219 113.1690826416
49.053548277515 8.3980918101105 113.1622467041
49.053547027505 8.3980723947524 113.14794158936
49.053545634048 8.3980510979985 113.13446044922
49.053544353186 8.398031750953 113.1277923584
49.053543042483 8.3980124305555 113.1234664917
49.053541588943 8.3979912280012 113.10652160645
49.053540244205 8.3979720081928 113.08979797363
49.053538733626 8.3979508898996 113.07424926758
49.053537366321 8.3979317321847 113.06259155273
49.053536011663 8.3979126131701 113.05195617676
49.053534537193 8.3978916167503 113.04161834717
49.053533192328 8.3978725618887 113.03289031982
49.053531864696 8.3978535382903 113.02412414551
49.053530421391 8.3978326449694 113.01438903809
49.053529115826 8.3978136747845 113.00691223145
49.05352768829 8.3977928504084 112.99676513672
49.053526396105 8.3977739556432 112.98580932617
49.053525113924 8.3977550975716 112.97645568848
49.053523710278 8.3977343785148 112.96852111816
49.053522451253 8.39771557083 112.96514129639
49.053521087851 8.3976949184826 112.95903778076
49.053519860112 8.3976761825712 112.9494934082
49.053518661346 8.3976574836365 112.93929290771
49.053517364757 8.3976369453581 112.92906188965
49.053516197394 8.3976182868108 112.92348480225
49.053514929332 8.3975978043104 112.91893768311
49.053513803009 8.3975792496878 112.90821838379
49.053512689465 8.3975607408204 112.90130615234
49.053511485109 8.3975404155468 112.90380096436
49.053510403908 8.3975219760619 112.91325378418
49.053509340424 8.3975035772764 112.92316436768
49.053508182338 8.3974833795067 112.93504333496
49.053507138489 8.3974650685086 112.94402313232
49.053505997585 8.3974449889712 112.95082855225
49.053504975194 8.3974267996678 112.95552825928
49.053503946943 8.3974086552318 112.96090698242
49.05350279515 8.3973887425485 112.96966552734
49.053501744465 8.3973706829726 112.97805786133
49.05350067373 8.3973526630568 112.98292541504
49.053499489364 8.3973328569431 112.99001312256
49.053498398944 8.397314879941 112.99379730225
49.053497189146 8.3972951151808 112.99720001221
49.053496077968 8.3972771685855 113.00519561768
49.053494967343 8.3972592305708 113.01416778564
49.053493733 8.397239520334 113.0263671875
49.053492603732 8.3972216233177 113.03256225586
49.053491373971 8.3972019485833 113.04254150391
49.053490255015 8.3971840718669 113.05013275146
49.053489137346 8.3971662071695 113.05834197998
49.053487907859 8.3971465689309 113.06867218018
49.053486790977 8.3971287320153 113.07722473145
49.053485667219 8.3971109027277 113.08628845215
49.053484418047 8.3970913039364 113.09577178955
49.053483288498 8.39707350139 113.10446929932
49.053482053609 8.3970539346808 113.11239624023
49.053480951329 8.3970361577291 113.12326812744
49.053479851989 8.39701838764 113.13294219971
49.053478653686 8.396998846317 113.14472198486
49.05347755507 8.3969810772922 113.15572357178
49.05347645857 8.3969633300833 113.16522216797
49.053475256427 8.3969438292333 113.17472839355
49.053474153559 8.3969261183387 113.1840057373
49.053472940052 8.3969066798382 113.19538879395
49.053471834796 8.3968890389823 113.20414733887
49.053470723156 8.3968714274085 113.21529388428
49.05346950608 8.3968520927623 113.22518157959
49.053468385317 8.3968345603172 113.23053741455
49.053467278327 8.396817072665 113.2368927002
49.053466052576 8.3967978653951 113.24430084229
49.053464959754 8.39678045452 113.2534866333
49.053463762109 8.3967613477873 113.26319122314
49.05346268822 8.3967440281491 113.27088928223
49.053461626277 8.3967267508508 113.27851104736
49.053460462151 8.3967077913473 113.28719329834
49.053459398005 8.3966905953419 113.29386901855
49.053458225694 8.3966717406004 113.29974365234
49.053457154501 8.3966546527144 113.30393981934
49.053456037579 8.3966375967297 113.30810546875
49.053454805758 8.3966188783243 113.3123550415
49.053453668311 8.39660189359 113.31253814697
49.053452540118 8.3965849475007 113.30869293213
49.053451290521 8.3965663648354 113.29981231689
49.053450144161 8.3965495134748 113.28496551514
49.053448854177 8.3965310216628 113.27056884766
49.053447682956 8.3965142428375 113.26092529297
49.05344650811 8.396497501629 113.25370025635
49.053445189451 8.3964791258465 113.24408721924
49.053443990545 8.3964624515082 113.23748016357
49.053442784173 8.3964458117625 113.23168945312
49.053441455737 8.3964275634081 113.22370147705
49.053440228816 8.3964110095026 113.21559143066
49.053438892382 8.3963928469806 113.20832824707
49.053437671903 8.3963763720398 113.20108795166
49.053436457506 8.3963599312602 113.1951751709
49.053435113765 8.3963418893568 113.19159698486
49.053433885686 8.3963255466693 113.18642425537
49.05343264776 8.3963092434863 113.17928314209
49.053431272527 8.3962913527283 113.17585754395
49.053430029383 8.3962751269373 113.17221832275
49.053428664032 8.3962573366577 113.16742706299
49.053427446446 8.3962412400699 113.16491699219
49.053426260489 8.3962252801244 113.16123962402
49.05342502107 8.3962079188029 113.15726470947
49.053423948667 8.3961923754496 113.15048980713
49.05342288207 8.3961770555741 113.14781188965
49.053421747667 8.3961604751041 113.15281677246
49.053420768889 8.3961456890523 113.14967346191
49.053419730132 8.3961296430336 113.14101409912
49.053418844494 8.3961151385088 113.13537597656
49.053417998679 8.3961006600421 113.13221740723
49.053417109039 8.3960847555455 113.13408660889
49.053416323987 8.3960703188552 113.1404800415
49.053415459547 8.3960544958326 113.14394378662
49.053414673925 8.3960401812768 113.14363861084
49.053413917395 8.3960259241436 113.14258575439
49.053413090223 8.3960102963741 113.14639282227
49.05341236134 8.3959961335925 113.15463256836
49.053411641292 8.3959820267449 113.16093444824
49.053410847263 8.395966565063 113.16321563721
49.053410130332 8.3959525595459 113.16640472412
49.053409343772 8.3959372122727 113.16873931885
49.053408605391 8.395923329701 113.16899871826
49.053407821765 8.3959094664901 113.16750335693
49.053406899968 8.3958941733821 113.16627502441
49.053406024279 8.3958802252107 113.17214202881
49.053405008429 8.3958648164354 113.18078613281
49.053404038351 8.3958507647607 113.18883514404
49.05340300698 8.395836678697 113.19721984863
49.053401794467 8.3958211102251 113.20455169678
49.053400606929 8.3958068854391 113.2106552124
49.053399347222 8.395792589287 113.21580505371
49.053397902113 8.3957767937994 113.21994018555
49.053396564243 8.3957623439179 113.22171020508
49.053395107069 8.3957463493816 113.22437286377
49.053393817754 8.3957316971987 113.22785949707
49.053392576038 8.3957169428338 113.23093414307
49.053391286403 8.3957005906099 113.2338180542
49.053390180043 8.3956856363726 113.23374176025
49.053389061456 8.3956690617248 113.23329925537
49.053388137903 8.3956538873136 113.23429870605
49.053387318105 8.3956386046911 113.23696136475
49.05338651467 8.3956216828719 113.23983001709
49.053385879444 8.3956061808468 113.24311065674
49.053385255915 8.39558901225 113.24643707275
49.05338476827 8.395573285938 113.24941253662
49.053384325601 8.3955574466211 113.24990081787
49.053383876665 8.3955398975705 113.24997711182
49.053383508898 8.3955238205908 113.24783325195
49.053383173816 8.395505988598 113.24529266357
49.053382895948 8.3954896493832 113.24359130859
49.05338264709 8.3954732072582 113.23762512207
49.053382389787 8.395454940603 113.23542022705
49.053382142613 8.3954381912956 113.23992919922
49.053381845496 8.3954196039362 113.23815155029
49.053381534696 8.3954025678776 113.23503112793
49.053381175226 8.3953854044015 113.23274993896
49.05338069057 8.395366386642 113.22524261475
49.05338016305 8.3953489444072 113.2197265625
49.053379549949 8.3953313654085 113.21520996094
49.053378781979 8.3953118848809 113.21087646484
49.053377984965 8.3952940288951 113.20529174805
49.053377019668 8.3952742612074 113.19583892822
49.053376076827 8.3952561662982 113.18419647217
49.053375073955 8.3952379514735 113.17800140381
49.053373913801 8.3952177856464 113.17601013184
49.053372801374 8.3951993364499 113.17720031738
49.053371653199 8.3951807620392 113.18561553955
49.05337036549 8.3951602103089 113.19899749756
49.053369179619 8.3951414289915 113.21221160889
49.053367841545 8.3951206791929 113.22574615479
49.053366610935 8.395101766129 113.23692321777
49.053365356826 8.3950828349984 113.2469329834
49.053363963365 8.3950619982598 113.25918579102
49.053362663216 8.3950430729338 113.26651000977
49.053361216963 8.3950222841989 113.27332305908
49.053359868774 8.3950034061987 113.27900695801
49.05335850672 8.394984531964 113.28768920898
49.05335699073 8.394963765097 113.29600524902
49.05335561373 8.3949448982839 113.30583953857
49.053354244053 8.3949260449989 113.31803894043
49.053352734006 8.3949053438321 113.32974243164
49.053351376152 8.3948865617636 113.33885192871
49.053349884942 8.3948659362114 113.34823608398
49.053348546702 8.3948472173026 113.35666656494
49.053347218647 8.3948285253996 113.3656539917
49.053345780856 8.3948080029703 113.37651062012
49.053344495865 8.3947893989771 113.38497161865
49.053343232431 8.3947708334151 113.39680480957
49.053341863455 8.3947504318529 113.41201019287
49.053340633302 8.3947319191302 113.42454528809
49.053339290044 8.3947116383471 113.42582702637
49.053338084311 8.3946932579373 113.42519378662
49.053336901798 8.3946749090277 113.43212890625
49.053335628659 8.394654764873 113.44326019287
49.05333448733 8.3946364918583 113.45439147949
49.053333368295 8.3946182599329 113.46369171143
49.053332143377 8.3945982656269 113.47013092041
49.053331036072 8.3945801412172 113.47422790527
49.053329817923 8.3945602600406 113.48110961914
49.053328708821 8.39454223102 113.48993682861
49.053327604464 8.3945242455292 113.50159454346
49.053326389515 8.3945045178323 113.51276397705
49.053325285861 8.3944866367649 113.52021026611
49.053324197401 8.3944688001635 113.52761077881
49.053323001389 8.3944492389867 113.53635406494
49.053321926376 8.3944315114425 113.54284667969
49.05332074451 8.3944120659592 113.55151367188
49.053319684291 8.3943944318216 113.56005096436
49.053318610698 8.3943768372887 113.56838226318
49.053317433692 8.3943575449972 113.57818603516
49.05331635931 8.3943400942343 113.58535003662
49.053315182354 8.3943210390725 113.59289550781
49.053314142626 8.3943039487361 113.60221862793
49.053313112825 8.3942871131195 113.61225891113
49.05331199591 8.3942689270998 113.62261199951
49.053310972564 8.3942527088555 113.63126373291
49.053309958309 8.3942368307517 113.63731384277
49.053308847235 8.3942197561592 113.64086914062
49.053307872702 8.39420459606 113.64928436279
49.053306791611 8.3941883493663 113.65837097168
49.05330580993 8.3941739789664 113.66535186768
49.053304808617 8.3941600036869 113.67252349854
49.053303700986 8.3941450785479 113.6822052002
49.053302696993 8.3941319557279 113.69113922119
49.053301709463 8.3941192267357 113.70024871826
49.053300665103 8.3941057212138 113.71130371094
49.053299725584 8.3940938662439 113.71898651123
49.053298717268 8.3940813192333 113.72523498535
49.053297826673 8.3940703250954 113.72975921631
49.053296949809 8.3940597274478 113.73400878906
49.053295988085 8.3940483913741 113.73956298828
49.053295113443 8.3940382080097 113.74271392822
49.053294159288 8.3940270433603 113.74718475342
49.053293322677 8.3940169190128 113.75335693359
49.053292545194 8.3940068147421 113.76038360596
49.05329172652 8.3939957336796 113.76783752441
49.053290983879 8.3939857016668 113.77384185791
49.053290165714 8.3939747146224 113.77934265137
49.05328946848 8.3939647675319 113.78395843506
49.053288801485 8.3939548545124 113.78702545166
49.053288084202 8.3939439998997 113.79029846191
49.053287444137 8.3939341709213 113.79303741455
49.053286746357 8.3939234041826 113.79388427734
49.053286149549 8.3939136621695 113.79479217529
49.053285550919 8.3939039637815 113.79364776611
49.053284928826 8.3938932877587 113.79183959961
49.053284330466 8.3938835310886 113.78698730469
49.053283706373 8.3938727196381 113.78642272949
49.05328313124 8.3938628260557 113.78971862793
49.053282567295 8.3938528835829 113.79446411133
49.053281924763 8.3938418868497 113.79739379883
49.053281342193 8.3938318385575 113.80030822754
49.053280688215 8.3938207247573 113.80377960205
49.053280120992 8.3938105512267 113.8072052002
49.053279549237 8.3938002959641 113.81160736084
49.053278886006 8.3937889216758 113.8191986084
49.053278306538 8.3937785177513 113.8286819458
49.053277705924 8.3937670103976 113.8284072876
49.053277148103 8.3937565079977 113.82144165039
49.053276588542 8.3937459291446 113.81522369385
49.053276014973 8.3937342082805 113.81788635254
49.053275516023 8.393723469881 113.82625579834
49.053275003288 8.3937115757074 113.83590698242
49.053274557545 8.3937006915972 113.84048461914
49.053274101142 8.3936897347781 113.84290313721
49.053273595179 8.3936775862786 113.84427642822
49.053273159465 8.3936664359729 113.84406280518
49.053272695802 8.3936540349975 113.84578704834
49.053272275707 8.3936426278556 113.85269165039
49.053271852181 8.3936311095264 113.86172485352
49.05327140846 8.3936183038242 113.86918640137
49.05327102366 8.3936065484076 113.87400817871
49.053270623255 8.3935934790678 113.88130950928
49.053270262452 8.3935814873574 113.88946533203
49.053269905117 8.3935694027894 113.89804077148
49.053269477862 8.3935560014715 113.90689086914
49.053269080683 8.3935437415583 113.9141998291
49.05326863581 8.3935301962434 113.92249298096
49.053268224055 8.3935178575923 113.93133544922
49.053267803304 8.3935055272856 113.93840789795
49.053267310764 8.3934919839605 113.94355010986
49.053266836886 8.3934796820949 113.94897460938
49.053266285274 8.393466161145 113.9568939209
49.053265760277 8.3934538847198 113.96448516846
49.053265212107 8.3934416275591 113.9730682373
49.053264585617 8.3934281790101 113.98329162598
49.053264008241 8.3934159943478 113.99102020264
49.053263347149 8.3934026422127 113.99711608887
49.053262739066 8.3933905437839 114.00124359131
49.053262119741 8.3933784632815 114.00508117676
49.053261432612 8.3933652300871 114.00952148438
49.053260790287 8.3933532712375 114.01335906982
49.053260143198 8.3933414539784 114.01818847656
49.053259433411 8.3933287018643 114.02527618408
49.053258791039 8.393317381026 114.03127288818
49.053258074678 8.3933052051319 114.03591156006
49.053257442334 8.3932942732405 114.03917694092
49.053256760534 8.3932822980893 114.04514312744
49.053256138527 8.3932714553849 114.05347442627
49.053255523931 8.3932606337327 114.06053161621
49.053254860355 8.3932487789327 114.06844329834
49.053254268696 8.3932380588079 114.07811737061
49.053253637583 8.3932263146906 114.09135437012
49.053253076714 8.3932156865489 114.10357666016
49.053252531612 8.3932050931996 114.11719512939
49.05325193891 8.3931934985987 114.13162994385
49.053251411288 8.3931830029277 114.14286804199
49.053250867335 8.393172545445 114.15184020996
49.053250261986 8.3931610358918 114.15886688232
49.053249706701 8.393150565892 114.16380310059
49.053249087398 8.3931390090353 114.16693115234
