48.98523696217 8.3936414564418 116.37242889404
48.985236530382 8.3936424333459 116.37281036377
48.98523604217 8.3936435427832 116.37300872803
48.98523559264 8.39364460592 116.37281036377
48.985235126716 8.3936457460526 116.3690032959
48.985234570098 8.3936471310302 116.36511230469
48.985234015988 8.3936485252768 116.36248016357
48.985233364504 8.3936502280728 116.36070251465
48.985232726446 8.3936519231699 116.35958862305
48.985232073074 8.3936537654423 116.358543396
48.985231351207 8.3936559163094 116.35939788818
48.985230707947 8.3936579785885 116.3603515625
48.985230094285 8.3936601494423 116.36222839355
48.985229437405 8.3936626684413 116.36553955078
48.985228851489 8.3936650586954 116.36553192139
48.985228256014 8.3936678082625 116.36521911621
48.985227771128 8.3936703999172 116.36611175537
48.985227305117 8.3936730584186 116.36627197266
48.985226882965 8.393676044532 116.36544799805
48.98522659573 8.3936788476958 116.3599395752
48.985226337816 8.3936817015689 116.35395050049
48.985226092775 8.3936849065314 116.34752655029
48.985225930279 8.3936878807956 116.345703125
48.985225892564 8.3936912366671 116.34982299805
48.985225999942 8.3936943622405 116.35556030273
48.985226198324 8.3936975637281 116.35791015625
48.985226509395 8.3937012010982 116.35975646973
48.985226874029 8.3937045972653 116.36135864258
48.985227397823 8.3937080895034 116.36262512207
48.985228173937 8.3937119834687 116.36598205566
48.985229050665 8.3937155890136 116.36877441406
48.985230087503 8.3937192266873 116.36965179443
48.985231452657 8.3937232575057 116.37032318115
48.985232910302 8.3937269605732 116.36964416504
48.985234757884 8.393731053898 116.36949157715
48.985236650163 8.3937347733163 116.37404632568
48.985238715385 8.393738501488 116.38011169434
48.985241257086 8.3937425318268 116.38212585449
48.98524381793 8.3937461090697 116.38018035889
48.985246899621 8.3937499890106 116.37438964844
48.985249905871 8.3937534754335 116.36688232422
48.985253105688 8.3937569254346 116.36113739014
48.985256806359 8.3937606918856 116.35872650146
48.98526038718 8.393764040104 116.35702514648
48.985264541872 8.3937676839778 116.35250854492
48.985268495173 8.3937710133427 116.34826660156
48.985272603352 8.3937743433185 116.34921264648
48.985277277185 8.3937780141277 116.35652160645
48.985281689378 8.3937813663901 116.36452484131
48.985286683651 8.3937851480494 116.36680603027
48.985291369865 8.3937886690085 116.3656463623
48.985296676075 8.3937926076384 116.36836242676
48.985301630135 8.3937962812454 116.37570953369
48.985306685005 8.3938000308105 116.3791809082
48.985312381371 8.3938042462395 116.37542724609
48.985317667568 8.3938082144092 116.37184143066
48.985323621308 8.3938127068299 116.36981964111
48.985329149614 8.3938168827186 116.37141418457
48.985335345163 8.3938215994687 116.37391662598
48.985341079357 8.3938259893218 116.3669052124
48.985346911508 8.3938304670456 116.35538482666
48.98535343448 8.3938354979707 116.3473815918
48.985359461888 8.3938402269118 116.34437561035
48.985366147141 8.393845485359 116.34346008301
48.985372298575 8.3938503106035 116.34214019775
48.985378486712 8.3938551730495 116.33617401123
48.985385345531 8.3938606073589 116.32894134521
48.985391654165 8.3938656387177 116.32356262207
48.985398665092 8.3938712238145 116.32604217529
48.985405113541 8.3938762962141 116.33957672119
48.985411596401 8.3938813837652 116.34812927246
48.98541875728 8.3938869477916 116.35204315186
48.985425273983 8.3938919885642 116.35104370117
48.985432430928 8.3938975370548 116.34381866455
48.985438919578 8.3939025884227 116.33541107178
48.985445416083 8.3939076375693 116.33139801025
48.985452549935 8.3939131843728 116.33372497559
48.985459042543 8.3939182069938 116.33129882812
48.985466146617 8.3939237265016 116.32283782959
48.985472595632 8.3939287671606 116.31759643555
48.985479042418 8.3939338131885 116.32107543945
48.985486132093 8.3939393848476 116.33177185059
48.985492575518 8.3939444522761 116.33871459961
48.985499668507 8.3939500242809 116.34298706055
48.985506092879 8.393955084459 116.3443069458
48.985512504091 8.3939601424227 116.33950805664
48.985519549555 8.3939656859158 116.32751464844
48.985525944529 8.3939707026842 116.31915283203
48.985532989963 8.3939761956429 116.31254577637
48.985539382591 8.3939811896746 116.30703735352
48.98554574714 8.3939862079326 116.30838775635
48.985552713451 8.3939917443244 116.30819702148
48.985559044088 8.3939967383708 116.30836486816
48.985565996257 8.3940022124081 116.3171005249
48.985572305146 8.3940071647676 116.32919311523
48.985578586853 8.3940120913841 116.33722686768
48.985585461301 8.3940174554515 116.33826446533
48.985591702706 8.3940222180181 116.33724212646
48.985597925326 8.3940269425194 116.33424377441
48.985604748099 8.3940320749629 116.33193969727
48.985610934559 8.3940367380837 116.33763885498
48.985617696624 8.3940418765122 116.34410858154
48.985623811171 8.3940465014632 116.34690093994
48.985629898823 8.3940510986593 116.3526763916
48.985636541204 8.3940561485029 116.35832977295
48.985642556976 8.3940607214747 116.36553955078
48.985649148463 8.394065673903 116.37223815918
48.985655081778 8.3940701492763 116.37496185303
48.985660954066 8.394074606148 116.37339782715
48.98566735952 8.3940794524637 116.37184906006
48.985673102115 8.3940837615527 116.37055206299
48.985679326629 8.3940884317733 116.37103271484
48.985684864324 8.3940925903869 116.37297821045
48.985690287165 8.3940966717468 116.3779296875
48.985696100531 8.3941010838153 116.3872756958
48.985701242738 8.3941050429066 116.39524841309
48.985706756393 8.3941093483693 116.40491485596
48.985711645193 8.3941132033809 116.41235351562
48.985716405447 8.3941170047412 116.41822814941
48.985721470771 8.3941211774633 116.42124176025
48.985725891142 8.3941249506952 116.42314147949
48.985730535285 8.394129111952 116.42533874512
48.985734531585 8.3941329089475 116.42839813232
48.985738662651 8.3941371417411 116.43095397949
48.985742195223 8.3941409930512 116.43492126465
48.985745539594 8.3941448681366 116.43762207031
48.985749023236 8.3941492278656 116.44107818604
48.985752048166 8.3941533378437 116.44470977783
48.985755196863 8.3941580455206 116.44954681396
48.985757850141 8.394162530934 116.45253753662
48.985760569543 8.3941676594541 116.45217895508
48.985762873323 8.3941724956963 116.44720458984
48.985765236709 8.3941779799694 116.44139862061
48.98576718438 8.3941831161196 116.43853759766
48.985768906682 8.3941883815636 116.43865203857
48.985770520522 8.3941942925919 116.44255828857
48.985771846331 8.3941997039792 116.44065093994
48.985773167567 8.3942057713477 116.43027496338
48.985774202242 8.3942114974065 116.41259002686
48.985775136886 8.3942180742194 116.39561462402
48.985775760843 8.3942242989685 116.39083862305
48.985776141704 8.3942307586391 116.38667297363
48.985776319488 8.3942381238665 116.3821182251
48.98577622108 8.3942450211419 116.38777160645
48.985775828217 8.3942528257658 116.38785552979
48.985775245546 8.394260074321 116.38068389893
48.985774410779 8.3942675019077 116.37858581543
48.985773231361 8.3942758112556 116.38390350342
48.985771946455 8.3942835152438 116.38710021973
48.985770347636 8.394292120155 116.3865814209
48.985768745814 8.3943001031654 116.38770294189
48.985767028825 8.39430821378 116.38536071777
48.985764984887 8.3943172819844 116.38353729248
48.985762966004 8.3943256450465 116.37745666504
48.985760818275 8.3943341267544 116.36948394775
48.985758338216 8.3943436452308 116.3606262207
48.985755933293 8.3943524185438 116.35430145264
48.985753162145 8.3943621668102 116.34868621826
48.985750517037 8.3943711077881 116.34136199951
48.985747770771 8.3943801375449 116.32946777344
48.985744630054 8.3943901626779 116.32311248779
48.985741722993 8.3943993527609 116.32942962646
48.985738795738 8.3944085544148 116.33948516846
48.985735531321 8.3944186290563 116.34290313721
48.985732525863 8.3944277196159 116.33673095703
48.98572920226 8.3944377076469 116.3303604126
48.985726153987 8.3944467784317 116.32683563232
48.98572307589 8.3944558237737 116.32472229004
48.985719660855 8.3944657220343 116.32405090332
48.985716532457 8.3944746566109 116.31981658936
48.985713422775 8.3944836102784 116.30491638184
48.985710038056 8.3944934765466 116.29563140869
48.985706953261 8.3945024060065 116.29011535645
48.985703563921 8.3945122416167 116.29451751709
48.985700554811 8.3945211450229 116.30659484863
48.985697531931 8.3945300051841 116.31917572021
48.985694181946 8.3945396794611 116.32371520996
48.985691093683 8.394548409281 116.32685852051
48.985687690232 8.3945579994023 116.33107757568
48.985684577777 8.3945667608979 116.33025360107
48.985681433196 8.3945755425957 116.33113098145
48.985677957203 8.3945852845231 116.33558654785
48.985674822227 8.3945942051984 116.33622741699
48.985671665724 8.394603179017 116.33638763428
48.985668159453 8.394613119319 116.34214019775
48.985664932228 8.3946222244114 116.34366607666
48.985661393511 8.3946323135229 116.34504699707
48.985658176807 8.3946415940099 116.34822845459
48.985654969938 8.3946509162658 116.34587860107
48.985651422292 8.3946612439394 116.34212493896
48.985648147753 8.3946707464286 116.33794403076
48.985644527692 8.3946812898345 116.34216308594
48.985641214334 8.3946909864195 116.34688568115
48.985637851923 8.39470075043 116.34548187256
48.985634163027 8.3947116098597 116.34780883789
48.985630801715 8.3947215573094 116.35433197021
48.985627413262 8.3947315942435 116.35720062256
48.985623692296 8.3947427211133 116.35321044922
48.985620287358 8.3947528691423 116.34786224365
48.985616485249 8.3947640467736 116.34379577637
48.985612977166 8.3947742193513 116.34223175049
48.985609473254 8.3947844196903 116.33963775635
48.985605605517 8.3947956958599 116.3451461792
48.985602058788 8.3948059103454 116.34900665283
48.985598186418 8.3948171386757 116.34804534912
48.985594699825 8.3948273104043 116.34334564209
48.985591237522 8.3948374429017 116.3364944458
48.985587434 8.3948485368287 116.33463287354
48.985583992975 8.3948585829531 116.33745574951
48.98558019922 8.3948695676618 116.34860992432
48.985576766568 8.3948795005006 116.36322021484
48.985573339131 8.3948894024339 116.3840713501
48.985569605328 8.3949002599743 116.40281677246
48.985566197843 8.39491001454 116.40126800537
48.985562484915 8.3949207056877 116.39988708496
48.985559135147 8.3949304025676 116.40273284912
48.985555848639 8.3949400752505 116.40557098389
48.985552285877 8.3949506777513 116.40843963623
48.985549027622 8.3949602608652 116.41136932373
48.985545509125 8.3949707703108 116.41999053955
48.985542346341 8.3949803284746 116.43319702148
48.985539204286 8.3949898512108 116.44382476807
48.985535794838 8.3950003051684 116.46226501465
48.985532748713 8.3950098026863 116.47653961182
48.985529430462 8.3950201970508 116.48463439941
48.985526464278 8.3950296317838 116.48699951172
48.985523540555 8.3950390468443 116.4907913208
48.985520396406 8.3950493823535 116.490234375
48.985517668058 8.3950587727768 116.48794555664
48.985514976527 8.3950681491251 116.48187255859
48.985512037299 8.3950784201502 116.47765350342
48.985509420086 8.3950877671046 116.47731018066
48.98550667154 8.3950980639755 116.48317718506
48.985504167831 8.39510738688 116.48951721191
48.985501713519 8.395116671435 116.49890136719
48.985499040054 8.3951268474452 116.49418640137
48.985496663153 8.3951360974461 116.48413848877
48.985494094734 8.3951462715206 116.48635101318
48.985491832734 8.3951555402962 116.49950408936
48.98548962871 8.395164833961 116.50443267822
48.985487296359 8.3951750926341 116.51519775391
48.985485205836 8.3951843817698 116.5182723999
48.985482995323 8.3951945648718 116.5094909668
48.985481087328 8.3952038104301 116.4949798584
48.985479190356 8.3952130916364 116.48058319092
48.98547714498 8.3952234226571 116.47606658936
48.985475410623 8.3952328959834 116.4831237793
48.985473734548 8.395242425002 116.48540496826
48.985471969928 8.3952528965914 116.47554016113
48.985470439916 8.3952624512654 116.46312713623
48.985468882718 8.395273005852 116.45415496826
48.985467492302 8.3952826472903 116.44522857666
48.9854661689 8.3952923354064 116.44216918945
48.985464811692 8.3953030405931 116.4457244873
48.985463667378 8.3953127583948 116.44218444824
48.985462417468 8.3953234948625 116.43324279785
48.985461334777 8.395333318464 116.43058013916
48.985460366026 8.3953431919407 116.4314956665
48.985459422608 8.3953540595109 116.41091918945
48.985458541286 8.3953639309054 116.38540649414
48.985457547176 8.3953748221048 116.36255645752
48.98545668433 8.3953847875029 116.35335540771
48.985455877803 8.3953948406435 116.35314941406
48.985454964947 8.3954059137511 116.35665130615
48.985454164016 8.3954159714662 116.35391998291
48.985453362362 8.395427033732 116.34288024902
48.985452674882 8.3954371033581 116.32952880859
48.985452026527 8.3954471892545 116.32679748535
48.985451367006 8.3954583077412 116.33491516113
48.985450790516 8.3954683956076 116.33985137939
48.985450140579 8.3954794634034 116.34173583984
48.98544961073 8.3954894905942 116.34276580811
48.985449106565 8.395499480472 116.34297943115
48.98544861022 8.3955104636345 116.34440612793
48.985448218354 8.3955204053838 116.3447265625
48.985447805317 8.3955312837829 116.34517669678
48.985447461603 8.3955410937401 116.34439849854
48.985447164337 8.3955508477387 116.34449005127
48.985446861977 8.3955615309653 116.34396362305
48.985446639732 8.3955712229319 116.34775543213
48.985446429101 8.395580830484 116.35921478271
48.985446213208 8.3955912740343 116.37268066406
48.985446016704 8.3956005935439 116.37782287598
48.985445812022 8.3956106430514 116.37116241455
48.985445663853 8.3956195604224 116.36277008057
48.985445555739 8.3956282944296 116.35535430908
48.985445471076 8.3956376577497 116.3482208252
48.985445368966 8.39564592171 116.34373474121
48.985445278401 8.3956547186616 116.34413909912
48.985445223554 8.3956624428712 116.34499359131
48.985445158178 8.3956698569362 116.34208679199
48.985445098369 8.3956776642267 116.33974456787
48.985445075243 8.395684449075 116.3364944458
48.985445099256 8.395691602223 116.33631134033
48.985445121562 8.395697826834 116.33544921875
48.985445140775 8.3957037952355 116.33287811279
48.985445187662 8.3957100930996 116.33113098145
48.985445266845 8.3957155426859 116.33155059814
48.985445395341 8.3957207394869 116.33379364014
48.985445567899 8.3957261679912 116.33953857422
48.985445726957 8.3957308543073 116.3464050293
48.985445873255 8.3957356846585 116.3501739502
48.985446000242 8.3957398231619 116.35061645508
48.985446124171 8.3957437372227 116.3515625
48.985446295131 8.3957477930208 116.35261535645
48.985446498019 8.3957512506566 116.35402679443
48.985446774366 8.3957548332234 116.35344696045
48.985447012341 8.3957579121861 116.35531616211
48.985447281006 8.3957608179546 116.35221099854
48.985447612489 8.3957638586812 116.34642028809
48.985447976317 8.3957665292277 116.33837890625
48.985448427443 8.3957691711987 116.33045196533
48.985448915488 8.3957720771162 116.32832336426
48.985449371351 8.3957747341715 116.3257522583
48.985449844043 8.3957773537542 116.32378387451
48.985450440115 8.3957801671867 116.32215881348
48.985451048803 8.3957826720917 116.31922149658
48.985451752808 8.3957854012669 116.319190979
48.98545241911 8.3957878395163 116.31994628906
48.985453161635 8.395790228106 116.31959533691
48.985454036064 8.3957927959588 116.32138061523
48.985454874134 8.3957950973918 116.32376861572
48.985455731529 8.3957974247957 116.32722473145
48.98545680134 8.3958001059683 116.32566070557
48.985457942161 8.3958026738503 116.31910705566
48.985459358009 8.3958056364592 116.31280517578
48.985460794321 8.3958084275244 116.30752563477
48.985462368025 8.3958112696642 116.30361175537
48.985464294765 8.3958144489064 116.29444122314
48.985466219959 8.3958173203165 116.2876663208
48.985468337271 8.3958201423684 116.28210449219
48.985470815643 8.395823185037 116.28136444092
48.985473228882 8.3958258839817 116.28447723389
48.985476066734 8.3958287362931 116.28909301758
48.985478854297 8.3958311946842 116.29209136963
48.985481826793 8.3958335120978 116.29441833496
48.98548525952 8.3958358532684 116.2970123291
48.98548860869 8.3958378256181 116.29626464844
48.985492135584 8.395839632627 116.29619598389
48.985496288052 8.3958413865951 116.29392242432
48.985500264023 8.3958427212171 116.29180908203
48.985504841746 8.3958439087492 116.28871917725
48.985509200354 8.3958446910695 116.28492736816
48.985513795109 8.3958451863586 116.27930450439
48.985519031558 8.3958454052086 116.27269744873
48.985524001668 8.3958453469606 116.26612091064
48.985529608486 8.3958450495315 116.26452636719
48.985534903295 8.3958446092694 116.26326751709
48.985540903628 8.3958440046806 116.26342010498
48.985546530614 8.3958433436931 116.26305389404
48.985552300546 8.3958425504738 116.26318359375
48.985558786172 8.3958415129995 116.26151275635
48.985564817306 8.395840487915 116.25854492188
48.985571605641 8.3958392696396 116.25584411621
48.985577931745 8.3958380960251 116.25289916992
48.985584357573 8.3958368351649 116.24967956543
48.985591610782 8.3958353767969 116.24482727051
48.985598322242 8.3958340038454 116.24111938477
48.98560588909 8.3958324681291 116.23560333252
48.985612896216 8.3958310251834 116.22980499268
48.985620754368 8.3958293798257 116.2239074707
48.985627948377 8.3958277612653 116.21765136719
48.985635285647 8.3958261294866 116.21360778809
48.985643446658 8.3958242889647 116.20620727539
48.985650984956 8.395822612644 116.19640350342
48.985659386323 8.3958207316285 116.18570709229
48.985667169925 8.3958190243096 116.17951202393
48.985675060286 8.3958172875468 116.17544555664
48.985683839359 8.3958153138558 116.16954803467
48.985691915407 8.3958134972675 116.16491699219
48.985700894676 8.3958114756661 116.16497802734
48.985709161785 8.3958095670332 116.17044830322
48.985717506472 8.3958076563346 116.18132781982
48.985726765956 8.3958055674168 116.1930770874
48.985735189324 8.3958037023745 116.20314025879
48.985744474036 8.3958017160554 116.21142578125
48.985752922777 8.3957998968728 116.21808624268
48.985761378848 8.3957980417163 116.22341156006
48.985770684086 8.395795985392 116.22727203369
48.985779170376 8.3957941272834 116.23361968994
48.98578852475 8.3957921128648 116.24224853516
48.985797018254 8.3957902626138 116.24781036377
48.985805513884 8.3957884009859 116.25048065186
48.985814890026 8.3957863368383 116.2495880127
48.985823409685 8.3957845144708 116.25397491455
48.985831933184 8.3957826836948 116.26040649414
48.985841259269 8.3957806127643 116.26519775391
48.98584974398 8.3957787262023 116.26998901367
48.985859040018 8.3957766126709 116.27355194092
48.985867554727 8.3957747424615 116.28118896484
48.985876041192 8.3957728359173 116.28811645508
48.98588537647 8.3957707378141 116.29618835449
48.985893834648 8.3957688465603 116.30182647705
48.985903155572 8.3957667908582 116.30837249756
48.985911618321 8.395764967301 116.31761169434
48.985920086414 8.3957631641201 116.3285446167
48.985929417595 8.3957612082239 116.33877563477
48.985937886838 8.3957594463784 116.34713745117
48.985947204849 8.395757506183 116.34939575195
48.985955645667 8.3957557316449 116.33964538574
48.985964094087 8.395753964138 116.33004760742
48.985973372962 8.3957519940706 116.32745361328
48.985981817017 8.3957502137592 116.33201599121
48.985990219764 8.3957484418011 116.33425140381
48.985999438494 8.3957465180775 116.33171844482
48.986007791954 8.395744743118 116.32793426514
48.986016974285 8.3957427734046 116.32713317871
48.986025300185 8.3957409673734 116.32933044434
48.98603361084 8.3957391770345 116.32878112793
48.986042725222 8.3957372111114 116.32283782959
48.986050955144 8.3957353996744 116.31568908691
48.986059115354 8.3957335215801 116.30958557129
48.986068081969 8.39573145549 116.30324554443
48.98607621918 8.3957295572738 116.30048370361
48.986085155005 8.3957275190665 116.29704284668
48.986093254051 8.3957256710877 116.29447174072
48.986101331537 8.3957238474604 116.29217529297
48.986110187759 8.3957218716463 116.29016876221
48.986118232447 8.3957201143187 116.28620910645
48.986127053897 8.3957181775632 116.28206634521
48.986135061826 8.3957164650142 116.28065490723
48.986143050912 8.3957147812808 116.28168487549
48.986151803575 8.3957129480191 116.28251647949
48.986159732814 8.3957113535362 116.28136444092
48.98616763617 8.3957098417164 116.27779388428
48.986176236283 8.3957081164712 116.27513885498
48.986183970909 8.3957066695359 116.28792572021
48.986192373772 8.3957050564283 116.30158233643
48.986199923592 8.3957036770864 116.31345367432
48.986207360178 8.3957022687161 116.32233428955
48.986215419883 8.3957007554303 116.33248138428
48.986222626907 8.3956993761105 116.34091186523
48.986230451837 8.3956978689654 116.35157775879
48.986237460907 8.395696513141 116.35911560059
48.986244388939 8.3956951827617 116.36618041992
48.986251912132 8.3956937448318 116.37466430664
48.986258661358 8.3956924378191 116.38188934326
48.986265283849 8.3956910365068 116.39036560059
48.986272409095 8.3956894099408 116.39923858643
48.986278745723 8.3956879066562 116.40740203857
48.98628560138 8.3956863478616 116.41278839111
48.986291702928 8.3956848247191 116.41960144043
48.986297668374 8.3956834079621 116.42359924316
48.986304101144 8.3956818620311 116.4280166626
48.986309842296 8.3956805163969 116.43218994141
48.986316036703 8.395678994413 116.43738555908
48.986321544886 8.3956776141117 116.44049072266
48.986326937927 8.3956761681239 116.44367218018
48.986332750632 8.395674461942 116.44866943359
48.986337946603 8.3956728637604 116.45319366455
48.986343079342 8.3956712684512 116.45600128174
48.986348601389 8.3956693728049 116.45611572266
48.986353475095 8.3956674353212 116.45230865479
48.986358635801 8.3956651316571 116.44926452637
48.986363161908 8.3956628041681 116.44430541992
48.986367545283 8.3956603032534 116.44011688232
48.98637220745 8.3956573212926 116.42975616455
48.986376287874 8.395654478334 116.42490386963
48.986380195591 8.395651475502 116.41952514648
48.986384279844 8.3956479251198 116.41181945801
48.986387803854 8.3956444337587 116.40254211426
48.986391175751 8.3956407322024 116.39504241943
48.986394766059 8.3956365551863 116.39432525635
48.986397906173 8.3956325874438 116.39595031738
48.98640119891 8.3956280189963 116.39972686768
48.986404019679 8.3956236440877 116.40975952148
48.986406657816 8.3956190679372 116.42044830322
48.986409331982 8.3956138096106 116.43341827393
48.98641160256 8.3956089240292 116.44330596924
48.98641377525 8.3956039929512 116.44651031494
48.986415956146 8.3955984225164 116.45152282715
48.986417717973 8.3955932303785 116.45526123047
48.986419406067 8.3955874053425 116.46064758301
48.986420701189 8.3955820346059 116.46094512939
48.986421859545 8.3955766324349 116.46169281006
48.986423015136 8.3955706346561 116.46558380127
48.986423853489 8.3955649957622 116.47212219238
48.986424562001 8.3955586116904 116.48363494873
48.986425066337 8.3955526829758 116.49863433838
48.986425458083 8.3955466762624 116.51108551025
48.986425788505 8.3955400433483 116.52285766602
48.986425904244 8.3955339225715 116.52865600586
48.986425881611 8.3955270931315 116.5322265625
48.986425740034 8.3955207809775 116.53192138672
48.986425512726 8.3955143721048 116.53196716309
48.986425171785 8.3955072130836 116.53345489502
48.986424786127 8.395500600722 116.53427886963
48.986424307686 8.3954931958151 116.53183746338
48.986423838272 8.3954863399013 116.52923583984
48.986423252511 8.3954786358644 116.52551269531
48.986422666036 8.3954714926872 116.52172851562
48.986422011153 8.3954642246165 116.51801300049
48.986421237162 8.3954560392116 116.5140838623
48.986420508543 8.3954483578874 116.5076675415
48.986419734887 8.3954397335243 116.50439453125
48.986419047378 8.3954316878279 116.50792694092
48.986418273357 8.3954226113585 116.51470184326
48.98641752818 8.3954141509995 116.514503479
48.986416767129 8.3954055142481 116.50701141357
48.986415931481 8.3953957655562 116.505027771
48.986415176175 8.3953866592684 116.5128326416
48.9864142084 8.3953764588611 116.52381134033
48.986413272899 8.3953669714967 116.53219604492
48.986412357514 8.3953572677152 116.54375457764
48.986411363228 8.3953463315001 116.55575561523
48.98641045084 8.3953361531135 116.56363677979
48.986409417053 8.3953246900453 116.5721206665
48.98640846285 8.3953140751419 116.57911682129
48.986407473668 8.3953032913385 116.58065795898
48.986406404731 8.3952912370344 116.57497406006
48.986405417087 8.3952801145937 116.57455444336
48.986404277463 8.3952677035859 116.58116149902
48.986403205404 8.3952563010279 116.58203887939
48.986402117414 8.3952447654329 116.58109283447
48.986400887149 8.3952318683142 116.5772857666
48.986399812434 8.3952200035913 116.57529449463
48.986398623736 8.395206825805 116.58553314209
48.986397540216 8.3951947137588 116.5961151123
48.986396468991 8.3951825078056 116.60981750488
48.986395309824 8.395169038986 116.62605285645
48.98639427792 8.395156796027 116.64176940918
48.986393200927 8.3951433593709 116.6586227417
48.98639225683 8.3951311757647 116.67233276367
48.986391307952 8.3951189969518 116.68288421631
48.986390236937 8.3951055868478 116.6900177002
48.98638934705 8.3950934183174 116.69416046143
48.986388300335 8.3950800892818 116.68771362305
48.986387317921 8.3950680277589 116.67701721191
48.986386326038 8.3950560257658 116.66986846924
48.98638525344 8.3950427867818 116.66970062256
48.986384290755 8.3950307863559 116.68113708496
48.986383256794 8.3950176314026 116.69273376465
48.986382326088 8.3950057243511 116.70001983643
48.986381382618 8.3949938697914 116.70331573486
48.98638040732 8.3949808491613 116.70823669434
48.986379568124 8.3949690522466 116.71440887451
48.986378768503 8.3949561599303 116.71562194824
48.98637814378 8.3949444702783 116.71660614014
48.986377650368 8.3949328273577 116.72075653076
48.986377234263 8.3949200373112 116.72690582275
48.986377033959 8.3949084535 116.72665405273
48.986377001541 8.3948957422447 116.7222366333
48.986377220191 8.3948842125741 116.71269989014
48.986377647973 8.3948727096318 116.70700836182
48.98637838558 8.3948601372983 116.69709777832
48.986379308829 8.3948488161511 116.68299865723
48.986380548143 8.394836464961 116.66848754883
48.98638192544 8.394825322028 116.66521453857
48.986383673774 8.3948131111602 116.67141723633
48.986385512916 8.3948020822837 116.68369293213
48.986387576755 8.3947911123639 116.6943359375
48.986390062596 8.3947790801894 116.70036315918
48.986392479566 8.3947681416435 116.70933532715
48.986395024601 8.3947571637469 116.72499084473
48.986398024381 8.3947451185984 116.73488616943
48.986400914969 8.3947341653642 116.73663330078
48.986404251177 8.3947221304157 116.73812866211
48.986407417551 8.3947111281497 116.73630523682
48.986410777667 8.3947000731465 116.73789978027
48.98641461543 8.3946878399227 116.74931335449
48.98641817318 8.394676646692 116.75492095947
48.986422125279 8.3946642429713 116.74310302734
48.9864257351 8.3946528687663 116.72819519043
48.986429361897 8.3946413750064 116.7133102417
48.986433390873 8.3946285080084 116.69965362549
48.986437113268 8.3946166711509 116.69094085693
48.986440898161 8.3946047449874 116.68478393555
48.986445090597 8.3945915472788 116.67952728271
48.9864489402 8.3945793681463 116.66979217529
48.986453190573 8.3945659212075 116.65911865234
48.986457060165 8.3945535551786 116.64950561523
48.98646094904 8.3945411493834 116.64179992676
48.986465258315 8.3945274180611 116.6374130249
48.986469181249 8.3945148693838 116.64070129395
48.986473134582 8.3945023103592 116.6439666748
48.986477517916 8.3944884922673 116.64752960205
48.986481516988 8.3944759386502 116.64939117432
48.986485957721 8.39446213263 116.64801025391
48.986489984801 8.3944495838848 116.6474609375
48.986494029037 8.3944370970949 116.6413192749
48.986498462115 8.3944234215327 116.63290405273
48.986502502585 8.3944110210209 116.62300109863
48.986506533117 8.3943986584623 116.61642456055
48.986510964767 8.3943850876113 116.61328125
48.98651499298 8.3943727795686 116.61066436768
48.986519430368 8.3943592764735 116.60416412354
48.98652346436 8.39434706699 116.59909057617
48.986527509913 8.3943349173227 116.59146881104
48.986531966861 8.3943215976885 116.58484649658
48.98653601097 8.3943095313042 116.58347320557
48.986540479941 8.3942963228853 116.58263397217
48.986544566499 8.3942843875215 116.58139038086
48.98654867252 8.3942725251338 116.57877349854
48.986553145735 8.3942595035099 116.5746383667
48.986557217415 8.3942477294033 116.57051086426
48.986561296507 8.394235990027 116.56490325928
48.986565748543 8.39422307393 116.55569458008
48.986569787309 8.3942113908763 116.54886627197
48.986574195253 8.394198578448 116.53890991211
48.986578208614 8.394186988089 116.5330581665
48.986582230187 8.3941754387445 116.530418396
48.986586631147 8.394162787461 116.53231048584
48.986590606851 8.3941513333392 116.53704071045
48.986594955236 8.3941387634103 116.54346466064
48.986598901244 8.3941273877552 116.54635620117
48.986602814509 8.3941160543081 116.55110931396
48.986607125748 8.3941036135768 116.55750274658
48.986611014533 8.3940923323 116.5622253418
48.986614897508 8.3940811053384 116.56536102295
48.986619151885 8.394068784946 116.56956481934
48.986622964052 8.3940576075907 116.57363891602
48.986627124552 8.394045366983 116.58093261719
48.98663087679 8.3940342994192 116.58776855469
48.98663458219 8.3940232781897 116.594581604
48.986638611883 8.3940112597736 116.60796356201
48.986642236596 8.3940004566338 116.61930084229
48.986646181072 8.3939887066856 116.62985229492
48.986649719269 8.3939781808691 116.63694000244
48.986653210755 8.3939678198498 116.64280700684
48.986656991602 8.3939566193285 116.64726257324
48.98666037212 8.3939466256001 116.65002441406
48.986664033998 8.3939359287122 116.65417480469
48.986667323111 8.3939264720351 116.65726470947
48.986670596725 8.3939173352843 116.66528320312
48.986674147538 8.3939076364359 116.67582702637
48.986677288711 8.3938991387122 116.68565368652
48.986680638313 8.393890126944 116.69616699219
48.986683615685 8.3938822865818 116.70457458496
48.986686521784 8.3938747660741 116.71167755127
48.986689601153 8.3938668565878 116.71755981445
48.986692313151 8.393859988958 116.72101593018
48.986695214528 8.3938528311361 116.72947692871
48.98669778018 8.3938466343468 116.73892974854
48.98670023294 8.3938408074412 116.74925231934
48.986702779225 8.3938347660727 116.7566986084
48.986704985369 8.3938296552391 116.76259613037
48.986707278648 8.3938244175177 116.76708221436
48.98670924044 8.3938200457201 116.7705078125
48.986711033225 8.3938159980035 116.77240753174
48.986712856554 8.3938119947372 116.7787322998
48.986714335927 8.393808710449 116.78248596191
48.986715669892 8.3938057423346 116.78576660156
48.986716996324 8.3938028288434 116.78601837158
48.986718086668 8.3938004084313 116.78435516357
48.986719202927 8.3937979826634 116.7806854248
48.986720156159 8.39379584302 116.77572631836
48.986721068795 8.3937937367831 116.76692962646
48.986722013918 8.3937914837079 116.7621307373
48.986722786115 8.393789495921 116.75412750244
48.986723557787 8.3937874375066 116.74781036377
48.986724176766 8.3937856980415 116.74067687988
48.986724809211 8.3937841207654 116.7364654541
48.986725487717 8.3937825154568 116.73204040527
48.986726055849 8.3937811177781 116.72853851318
48.986726628276 8.3937796640908 116.72385406494
48.986727091162 8.3937784068146 116.719871521
48.986727516038 8.3937772197682 116.71694946289
48.986727879002 8.393776044841 116.71612548828
48.986728153861 8.3937751517629 116.71499633789
48.98672838078 8.3937743561869 116.71228790283
48.986728541552 8.3937737831812 116.70950317383
48.98672865103 8.3937733385138 116.70651245117
48.986728719297 8.3937729905778 116.70543670654
48.986728745901 8.3937727827067 116.70226287842
48.986728734366 8.3937726678135 116.70067596436
48.986728684365 8.3937726661678 116.69855499268
48.986728630156 8.3937727203072 116.69786834717
48.986728619497 8.393772723228 116.6974105835
48.986728652031 8.3937727005345 116.69536590576
48.986728707851 8.3937727177452 116.6936416626
48.986728738916 8.3937727480602 116.69235992432
48.986728750296 8.3937727765063 116.68865203857
48.986728769554 8.3937728160285 116.68425750732
48.986728775944 8.3937728429687 116.67950439453
48.986728779622 8.393772859504 116.67266082764
48.986728797114 8.3937728557569 116.66886901855
48.986728822861 8.3937728513754 116.66449737549
48.986728834591 8.3937728476424 116.66210174561
48.986728873785 8.3937728250026 116.65467071533
48.986728888023 8.3937728115834 116.649269104
48.986728910723 8.3937727997935 116.64302062988
48.986728916658 8.3937727928624 116.63890838623
48.98672893269 8.3937727863053 116.63278198242
48.986728919911 8.39377278252 116.62934875488
48.986728923457 8.3937727780734 116.62306976318
48.986728910623 8.3937727856459 116.61806488037
48.986728879669 8.393772808323 116.61200714111
48.986728848323 8.3937728361969 116.60415649414
48.986728822295 8.3937728574541 116.59826660156
48.986728816286 8.3937728912319 116.59393310547
48.986728812528 8.3937729202744 116.59020996094
48.98672880534 8.3937729542767 116.58520507812
48.986728793103 8.3937729740267 116.58163452148
48.986728782492 8.3937729837695 116.57917022705
48.986728772984 8.3937729993337 116.57828521729
48.986728784639 8.3937730162044 116.5774307251
48.986728785371 8.3937730279969 116.57553100586
48.98672879297 8.3937730275259 116.57154083252
48.986728794905 8.3937730265187 116.56885528564
48.986728799681 8.3937730262569 116.56588745117
48.986728797145 8.3937730278094 116.56378173828
48.986728783491 8.393773008514 116.55875396729
48.986728773353 8.3937730007823 116.55531311035
48.986728776014 8.3937730003475 116.55310058594
48.986728781381 8.3937730029512 116.55255126953
48.986728776397 8.393773003175 116.55237579346
48.986728777111 8.3937730059107 116.55140686035
48.986728774767 8.3937730091649 116.55005645752
48.986728743028 8.3937729672902 116.54614257812
48.986728710267 8.3937729517925 116.54312133789
48.986728685882 8.3937729349486 116.54188537598
48.986728676087 8.3937729312684 116.54096221924
48.986728704373 8.393772943486 116.54066467285
48.986728717587 8.3937729519633 116.54066467285
48.986728721384 8.3937729532257 116.5397567749
48.986728708822 8.3937729454908 116.53815460205
48.986729035535 8.3937729610534 116.49794769287
48.986729241266 8.3937729622707 116.47204589844
48.986729449147 8.3937729430709 116.44980621338
48.986729696228 8.3937728390643 116.42475128174
48.986729889464 8.3937726910858 116.4086227417
48.986730181217 8.3937724990218 116.39044952393
48.98673040745 8.3937722698129 116.37864685059
48.986730655797 8.3937719856419 116.36476135254
48.98673087773 8.3937716342739 116.35608673096
48.986731134395 8.3937712823543 116.34672546387
48.986731382807 8.3937708298135 116.34046936035
48.986731654494 8.3937703848715 116.33406066895
48.986731893435 8.3937698872741 116.32957458496
48.986732152802 8.3937692723591 116.32279968262
48.986732396498 8.3937686247161 116.3169631958
48.986732690997 8.3937677701853 116.30821228027
48.986732977076 8.3937667999323 116.30091094971
48.986733249417 8.393765885124 116.29616546631
48.986733718459 8.3937641021701 116.29280090332
48.986734125003 8.3937625192525 116.29228210449
48.986734601602 8.3937605643086 116.29233551025
48.986735018225 8.3937586068151 116.29253387451
48.986735431161 8.393756468504 116.29272460938
48.986735864551 8.3937539534861 116.29106903076
48.986736236047 8.3937515306065 116.28881835938
48.986736574691 8.3937489679025 116.28852844238
48.986736904324 8.3937460114111 116.28828430176
48.986737150613 8.3937431774014 116.28615570068
48.986737340175 8.3937401709689 116.28047180176
48.98673746251 8.3937365702342 116.27171325684
48.986737472448 8.3937329883951 116.26514434814
48.986737397356 8.3937286501037 116.25805664062
48.986737238287 8.3937243553851 116.24847412109
48.986736927534 8.3937197281392 116.23584747314
48.986736302449 8.3937142800699 116.22274017334
48.986735511747 8.3937090107759 116.21620941162
48.986734469906 8.3937034402316 116.21280670166
48.986733032881 8.3936970605378 116.20941925049
48.986731392594 8.3936910828319 116.20816802979
48.986729295065 8.3936843705286 116.20713806152
48.986727123316 8.3936781711134 116.20386505127
48.986724636567 8.3936719047406 116.20129394531
48.986721503602 8.3936649986558 116.19763946533
48.986718330462 8.3936587213776 116.1934967041
48.986714447492 8.3936518343143 116.18542480469
48.986710569027 8.3936456292248 116.17276763916
48.986706343698 8.3936394876237 116.15872192383
48.986701289849 8.3936328114991 116.14181518555
48.986696397761 8.3936267614302 116.12741851807
48.986690697676 8.3936201086773 116.11376190186
48.986685240222 8.393614022493 116.10278320312
48.98667955941 8.3936079057798 116.09286499023
48.986673082561 8.3936011320044 116.08528900146
48.986666979993 8.3935949450443 116.07741546631
48.986660023954 8.3935881250569 116.06929779053
48.98665345516 8.3935819372334 116.06627655029
48.986645989147 8.3935751194154 116.06818389893
48.986638980599 8.3935688792789 116.07027435303
48.986631800984 8.3935625355077 116.07105255127
48.986623704866 8.3935553981695 116.07335662842
48.986616148852 8.3935487445128 116.07540893555
48.986607614324 8.3935412650101 116.07607269287
48.986599712489 8.3935343693496 116.07563781738
48.986590830429 8.393526713245 116.07567596436
48.98658252797 8.3935198694898 116.07459259033
48.986574068824 8.3935130088611 116.07455444336
48.986564666229 8.3935053344014 116.07869720459
48.986555938127 8.3934983398204 116.08177947998
48.986546229524 8.3934905790114 116.08309173584
48.98653722717 8.3934835225716 116.07772827148
48.986528097135 8.3934764236184 116.07251739502
48.986517921559 8.3934685565922 116.06940460205
48.986508657917 8.39346131091 116.07023620605
48.986498449923 8.393453328965 116.07275390625
48.986489219428 8.3934460520854 116.0740737915
48.986480021206 8.3934387880497 116.07500457764
48.986469894439 8.3934308754694 116.07849121094
48.986460731479 8.3934236630081 116.0810546875
48.986450654081 8.393415737513 116.0823135376
48.986441513092 8.3934084925711 116.08503723145
48.986432359301 8.3934012668483 116.09108734131
48.986422333405 8.3933933049348 116.09480285645
48.986413208054 8.3933861743297 116.09089660645
48.986403241331 8.3933782704054 116.08746337891
48.986394186704 8.3933711250502 116.08737182617
48.986385163612 8.3933639611396 116.08958435059
48.986375258749 8.39335610343 116.0926361084
48.986366293973 8.3933489698167 116.09142303467
48.986356454823 8.3933411606898 116.08486938477
48.986347553137 8.3933340409619 116.07972717285
48.986338676679 8.393326921734 116.07643127441
48.986328932714 8.393319123317 116.07610321045
48.986320104353 8.3933120250966 116.07657623291
48.98631042909 8.3933042393778 116.07517242432
48.986301667178 8.3932971707751 116.07211303711
48.98629293104 8.3932901120156 116.06976318359
48.986283350982 8.3932823557717 116.07173919678
48.986274653716 8.3932753715938 116.07447814941
48.986265103234 8.3932677392637 116.07661437988
48.986256420672 8.3932608962347 116.07637786865
48.986247752063 8.3932541172816 116.07579803467
48.986238238706 8.3932467107854 116.07724761963
48.986229600034 8.3932399592371 116.08651733398
48.98622097072 8.3932332600347 116.09774017334
48.986211496356 8.3932259358314 116.10832214355
48.98620289927 8.3932193258353 116.11443328857
48.986193460411 8.3932121258864 116.12228393555
48.986184890571 8.3932056145556 116.12593078613
48.986176334584 8.3931991421219 116.12950134277
48.986166943906 8.3931920471388 116.12998199463
48.986158427135 8.3931855986239 116.13115692139
48.986149938635 8.3931791402153 116.13316345215
48.98614053923 8.393171985192 116.12814331055
48.98613202716 8.3931654470849 116.12239837646
48.986122685395 8.3931582407621 116.11747741699
48.986114236595 8.3931516740576 116.11541748047
48.986105798575 8.3931451103737 116.11893463135
48.986096522439 8.3931378840008 116.12277984619
48.986088203017 8.3931313620869 116.12490081787
48.986079123458 8.3931242207099 116.13009643555
48.986070882355 8.3931177030259 116.1328125
48.986062526047 8.3931112428893 116.13237762451
48.986053403798 8.393104035402 116.13507080078
48.986045107921 8.3930974984863 116.1404876709
48.98603685014 8.3930909228368 116.14819335938
48.986027788131 8.3930837141821 116.15589904785
48.986019613695 8.3930772155158 116.15995788574
48.986010739818 8.3930701851713 116.1598815918
48.986002650095 8.3930637783753 116.15804290771
48.985994559399 8.3930573822539 116.15545654297
48.985985679842 8.3930503936075 116.15242767334
48.985977605285 8.3930440056541 116.15141296387
48.985968649364 8.3930368737267 116.14181518555
48.985960497459 8.3930303641295 116.13705444336
48.985952343621 8.3930238233933 116.13193511963
48.985943402851 8.3930166878252 116.13272094727
48.985935220654 8.3930102403011 116.12794494629
48.985927107319 8.3930037103385 116.11796569824
48.985918170364 8.3929965743244 116.11066436768
48.985910067175 8.3929901552039 116.11074829102
48.985901201492 8.3929831638295 116.11054229736
48.98589318721 8.3929768417096 116.11159515381
48.985885200462 8.3929705351545 116.11238861084
48.98587644991 8.3929636167724 116.11393737793
48.985868518981 8.3929573395854 116.11867523193
48.985859823189 8.3929504603519 116.12785339355
48.985851940604 8.3929441605461 116.13633728027
48.985844098532 8.3929378538759 116.1393661499
48.985835532865 8.3929309155047 116.13502502441
48.985827787116 8.3929246085296 116.12799835205
48.985819271195 8.3929177258828 116.12621307373
48.985811569105 8.3929114414308 116.12619781494
48.985803883428 8.392905194497 116.12928009033
48.985795462034 8.3928983261562 116.13626861572
48.9857878424 8.392892121131 116.14060211182
48.985780261456 8.392885954816 116.14450836182
48.985772049746 8.3928792634463 116.15071105957
48.985764751899 8.3928733014338 116.15550231934
48.985756872274 8.3928668732022 116.16104888916
48.985749822901 8.3928611443938 116.16418457031
48.985742935047 8.3928555525938 116.16985321045
48.985735515536 8.3928495676062 116.17405700684
48.98572891511 8.3928443183992 116.17430877686
48.985721834499 8.392838660581 116.1734085083
48.985715569163 8.3928337410092 116.18197631836
48.9857094128 8.3928289734577 116.19292449951
48.985702763445 8.3928238369127 116.20233917236
48.98569689915 8.3928193369575 116.21114349365
48.985690608464 8.3928145929273 116.22187042236
48.985685046073 8.3928104976196 116.23359680176
48.985679611848 8.3928066509514 116.2494430542
48.985673807231 8.3928027117031 116.2682800293
48.985668697666 8.3927993200086 116.28393554688
48.985663241685 8.3927958433595 116.30836486816
48.985658435497 8.3927929237721 116.325050354
48.985653248623 8.3927899820408 116.34275817871
48.985648599926 8.3927874701688 116.35627746582
48.985644008636 8.392785129046 116.36985015869
48.985639496297 8.3927829904338 116.38024902344
48.985634616298 8.3927809534184 116.38675689697
48.985630236727 8.3927792736008 116.39168548584
48.985625480312 8.3927776453999 116.39551544189
48.985621200583 8.3927763645108 116.39910125732
48.985616950244 8.3927752899532 116.40258026123
48.98561231726 8.3927743277069 116.40460968018
48.985608137015 8.3927736885123 116.40960693359
48.985604006001 8.3927734255884 116.41520690918
48.98559951708 8.3927736067896 116.42026519775
48.985595469771 8.3927740491772 116.42027282715
48.985591462729 8.3927747176465 116.42242431641
48.985587120564 8.3927757393394 116.43283081055
48.985583269554 8.3927770744087 116.44652557373
48.985579165859 8.3927789354576 116.45936584473
48.985575495359 8.3927808917099 116.46411895752
48.985571845335 8.3927830509957 116.47100067139
48.985567873068 8.3927857091306 116.48052215576
48.985564340222 8.3927884441148 116.48903656006
48.985560635877 8.3927919351406 116.49083709717
48.985557355362 8.3927953402049 116.48583221436
48.985554082757 8.3927988657913 116.46778106689
48.985550581764 8.3928030812697 116.45457458496
48.985547491408 8.392807186035 116.43726348877
48.98554419322 8.3928120333315 116.42028808594
48.985541260439 8.3928166478175 116.40175628662
48.98553835823 8.3928214812595 116.39292144775
48.985535211353 8.392827039389 116.38623809814
48.985532371018 8.3928322628856 116.38174438477
48.985529271762 8.3928382020916 116.37311553955
48.98552647052 8.3928438472792 116.36686706543
48.985523650933 8.3928496920762 116.36377716064
48.985520540644 8.3928563800277 116.35976409912
48.985517689117 8.3928626990433 116.35546875
48.985514522049 8.3928699149561 116.35161590576
48.985511603171 8.3928766991464 116.3501739502
48.985508393422 8.3928844617653 116.34655761719
48.985505475948 8.3928917845332 116.34264373779
48.985502529081 8.3928993315948 116.338722229
48.985499234097 8.3929078833624 116.33486175537
48.985496231272 8.392915940118 116.33640289307
48.985492888841 8.3929249739474 116.33558654785
48.985489768312 8.3929333635569 116.33364105225
48.985486596549 8.3929418944338 116.33330535889
48.985483075924 8.392951389083 116.33316040039
48.985479873145 8.3929601063807 116.33354949951
48.985476365722 8.3929697492796 116.33263397217
48.985473182358 8.392978539059 116.33092498779
48.985470007782 8.3929873469321 116.32792663574
48.985466554159 8.3929970804554 116.32261657715
48.985463463733 8.3930059944624 116.31561279297
48.985460090421 8.3930158326495 116.30750274658
48.985457034496 8.3930247930032 116.30135345459
48.985454004911 8.3930337898105 116.2950668335
48.985450671381 8.3930436791015 116.28919219971
48.985447658481 8.3930526891544 116.28381347656
48.98544430202 8.3930625311727 116.28185272217
48.985441188196 8.393071423 116.28480529785
48.985438122421 8.393080323238 116.28684234619
48.985434778893 8.3930900890788 116.2893371582
48.985431747173 8.3930989549501 116.28901672363
48.985428423708 8.3931086704565 116.28798675537
48.985425424354 8.3931174844427 116.28562164307
48.985422435769 8.393126263924 116.28271484375
48.985419147347 8.393135844276 116.27983093262
48.985416152919 8.3931444859697 116.28037261963
48.985412908559 8.3931538674578 116.28630065918
48.985409979302 8.3931622835651 116.29159545898
48.985407090795 8.3931705629437 116.2971496582
48.985404019686 8.3931795799 116.29909515381
48.98540123672 8.3931876001068 116.30368804932
48.985398182376 8.3931962610345 116.30195617676
48.985395408593 8.3932039827649 116.30752563477
48.985392710383 8.3932116440728 116.30699157715
48.985389758584 8.3932199843641 116.31233978271
48.985387086559 8.3932275193634 116.31978607178
48.985384163419 8.3932357374251 116.32781982422
48.985381533252 8.393243144981 116.33157348633
48.985378934228 8.3932505039182 116.33353424072
48.985376104093 8.3932585444013 116.3356552124
48.985373541117 8.3932657983498 116.33781433105
48.985370719993 8.3932736720964 116.34304046631
48.985368170641 8.3932807917161 116.35050964355
48.985365653764 8.3932878524818 116.36311340332
48.985362875898 8.3932956204705 116.37114715576
48.985360334699 8.3933026226965 116.38081359863
48.985357573117 8.3933103302253 116.39092254639
48.985355059373 8.3933172633637 116.39908599854
48.985352582315 8.3933241939795 116.40633392334
48.98534987462 8.3933317997943 116.41425323486
48.985347424404 8.3933386974298 116.41870880127
48.985344746021 8.3933462470896 116.4225692749
48.985342347307 8.3933530525885 116.42250823975
48.985339984407 8.3933598529365 116.42327880859
48.985337413869 8.3933672665269 116.42433166504
48.985335118571 8.3933739458418 116.42562866211
48.985332632775 8.3933811746641 116.42497253418
48.985330452103 8.3933876618219 116.42519378662
48.985328276777 8.3933940110102 116.42310333252
48.985325947539 8.3934008531677 116.4224395752
48.985323837334 8.3934069335048 116.41761779785
48.98532156946 8.3934134563195 116.41452789307
48.985319553939 8.3934192277941 116.40977478027
48.985317581833 8.3934248822966 116.40613555908
48.985315457913 8.3934309640883 116.40148925781
48.985313595724 8.3934363762722 116.40245056152
48.985311606912 8.3934421727585 116.40386962891
48.985309845964 8.3934472783703 116.40751647949
48.985308138899 8.3934522062103 116.41101074219
48.985306366326 8.3934574005012 116.41510772705
48.985304823565 8.3934619264953 116.41836547852
48.985303223598 8.3934666273241 116.42092132568
48.985301838161 8.3934706572108 116.42272186279
48.985300536229 8.3934744118598 116.43011474609
48.985299164462 8.3934783025995 116.43482971191
48.985297999559 8.3934816524196 116.44011688232
48.985296870492 8.3934848618026 116.4437789917
48.985295638331 8.393488272887 116.44619750977
48.985294536492 8.3934913167575 116.44691467285
48.985293316441 8.3934946013845 116.4467086792
48.985292219948 8.39349757579 116.44772338867
48.985291107783 8.3935004831872 116.44901275635
48.985289884991 8.3935036408433 116.45114135742
48.98528881855 8.3935065451048 116.45233154297
48.985287663616 8.3935097249353 116.45497131348
48.98528663227 8.3935125770349 116.45616912842
48.985285594808 8.3935154429284 116.45401763916
48.985284462186 8.39351858116 116.45581817627
48.985283429086 8.3935214072591 116.45801544189
48.985282307145 8.3935245011194 116.46041870117
48.985281282591 8.3935272737484 116.46047210693
48.985280263956 8.3935300207646 116.45997619629
48.985279163269 8.3935330396695 116.45890045166
48.985278208391 8.3935358006314 116.4598236084
48.985277174398 8.393538815909 116.46322631836
48.985276237688 8.3935415671576 116.46392822266
48.985275311075 8.393544322324 116.46360015869
48.985274327156 8.3935473677599 116.46200561523
48.985273484275 8.3935501470445 116.46127319336
48.985272590346 8.3935532065761 116.46379852295
48.985271752894 8.3935559533547 116.4649810791
48.98527091003 8.393558682184 116.46539306641
48.985269978069 8.3935616628876 116.46711730957
48.985269138928 8.3935644246237 116.47270202637
48.985268234661 8.3935674238925 116.47840881348
48.985267419718 8.3935701368698 116.48390197754
48.985266598198 8.3935728254024 116.48905181885
48.985265683722 8.3935757773035 116.49506378174
48.98526483792 8.3935784448888 116.49962615967
48.985263879666 8.3935813681152 116.50213623047
48.985262987417 8.393584060069 116.50289154053
48.985262054439 8.3935868529153 116.50295257568
48.985260944389 8.3935900509163 116.50050354004
48.985259891808 8.3935930845902 116.49977874756
48.985258663113 8.3935965527582 116.49849700928
48.985257496199 8.3935998302751 116.49872589111
48.985256258441 8.393603201283 116.50062561035
48.985254874564 8.3936070384474 116.50401306152
48.98525359923 8.3936106348461 116.50553894043
48.985252132935 8.3936146580814 116.50551605225
48.985250737715 8.3936183811694 116.50267791748
48.985249299675 8.3936222039886 116.50150299072
48.985247683118 8.393626497849 116.50250244141
48.985246153103 8.3936304836278 116.50323486328
48.98524440464 8.3936349350097 116.50002288818
48.985242774287 8.3936391008863 116.49629211426
48.985241114275 8.3936433916795 116.49139404297
48.985239252328 8.3936482618135 116.48607635498
48.98523736062 8.3936527091524 116.46936798096
48.98523528871 8.3936570898738 116.44443511963
48.985233046746 8.3936618841486 116.43364715576
48.985230948777 8.3936661209702 116.42423248291
48.985228814026 8.393670798009 116.42067718506
48.985226917911 8.3936750133857 116.41161346436
48.985225152576 8.3936792304157 116.40007781982
48.985223269305 8.393683868001 116.38790130615
48.98522160572 8.393688069111 116.38344573975
48.985219965321 8.3936922198608 116.38564300537
48.985218298608 8.3936968196323 116.39819335938
48.985216925847 8.3937010416359 116.41062927246
48.985215525429 8.3937056620837 116.4164276123
48.985214334693 8.3937098551568 116.41938018799
48.985213180611 8.3937140392346 116.42266082764
48.985212016492 8.3937186903519 116.42632293701
48.985211093828 8.3937229708828 116.4295501709
48.985210142087 8.3937277111926 116.43295288086
48.985209274399 8.3937320013058 116.43088531494
48.985208415959 8.3937362815412 116.42665100098
48.985207437893 8.3937408870761 116.42382049561
48.985206556459 8.3937447348556 116.42587280273
48.985205689506 8.3937484887993 116.42292022705
48.985205055244 8.3937514476835 116.42222595215
48.985204486076 8.3937539740038 116.42321777344
48.985203965683 8.3937562146369 116.42198181152
48.985203572502 8.3937578154813 116.41965484619
48.985203265663 8.3937590973081 116.41719818115
48.985203114234 8.3937598443431 116.41553497314
48.985203066691 8.3937602204846 116.4133605957
48.985203075341 8.3937602188388 116.41314697266
48.98520315226 8.3937600359524 116.41407775879
48.985203185523 8.3937599917374 116.41354370117
48.985203208857 8.393760006109 116.41191101074
48.985203235169 8.3937599663295 116.40966033936
48.985203270777 8.3937599416555 116.40759277344
48.985203265319 8.3937599545005 116.40814971924
48.985203271894 8.3937599390088 116.40804290771
48.985203283022 8.3937599064475 116.40659332275
