49.033603440345 8.3950031909457 112.39192962646
49.033614666805 8.3950012353532 112.38573455811
49.033627043997 8.3949990542544 112.38383483887
49.033638319637 8.3949970844324 112.3776550293
49.033650759944 8.3949949121694 112.37292480469
49.033662090347 8.3949929385945 112.3643951416
49.033673449711 8.3949909747793 112.3549118042
49.033685974675 8.3949887948325 112.34474182129
49.033697380421 8.3949867942119 112.33343505859
49.033709966122 8.3949845986392 112.31547546387
49.033721435556 8.3949825679804 112.30035400391
49.033732928556 8.3949805044288 112.29234313965
49.033745605643 8.3949782363925 112.28737640381
49.033757163107 8.3949762037667 112.28289031982
49.033769903787 8.3949739950503 112.27631378174
49.033781502442 8.3949719978592 112.26400756836
49.033794303089 8.3949697278504 112.2576751709
49.033805969292 8.3949676332267 112.25710296631
49.033817671041 8.3949655116043 112.25494384766
49.03383059271 8.394963219598 112.25597381592
49.033842350716 8.3949611881538 112.24784088135
49.033855317302 8.3949589787791 112.24207305908
49.033867123696 8.3949569467698 112.23480987549
49.033880149255 8.3949546933132 112.23049163818
49.033892014022 8.3949526209778 112.22716522217
49.033903901562 8.3949505613099 112.22378540039
49.033917016141 8.394948304943 112.22598266602
49.033928969673 8.3949462431037 112.23188781738
49.03394214481 8.3949439953252 112.2303237915
49.033954130932 8.3949419463236 112.22511291504
49.033966142238 8.3949398963802 112.21570587158
49.033979385897 8.3949375972163 112.21422576904
49.033991453345 8.3949355261443 112.20943450928
49.034004752858 8.3949332630791 112.20418548584
49.034016871179 8.3949312023767 112.19664764404
49.034030233056 8.394928915196 112.19087219238
49.034042406543 8.3949267930577 112.18634796143
49.034054601284 8.3949246541096 112.17986297607
49.034068037305 8.3949222768137 112.1713104248
49.034080273119 8.3949201034923 112.16324615479
49.034093743337 8.3949176753532 112.15732574463
49.034105989392 8.3949154701925 112.14949798584
49.034118231323 8.3949132634689 112.14195251465
49.03413169148 8.3949108432878 112.13154602051
49.034143918843 8.3949086344149 112.12410736084
49.034157355867 8.3949062063255 112.11653900146
49.034169548969 8.3949039905041 112.11157226562
49.034181720657 8.3949018139746 112.10334014893
49.034195085697 8.3948994161578 112.0954284668
49.034207215192 8.394897241736 112.0873336792
49.034220536768 8.3948947959835 112.08553314209
49.034232625478 8.3948926000571 112.07975006104
49.034245889048 8.3948901838816 112.07094573975
49.034257924222 8.3948880126229 112.05934906006
49.034269938695 8.394885863026 112.04737091064
49.03428313086 8.3948834697816 112.04204559326
49.034295109331 8.3948813496032 112.03513336182
49.034308255023 8.3948790550777 112.02725982666
49.034320178675 8.3948769974852 112.01753234863
49.034332075473 8.3948749187658 112.01169586182
49.03434514719 8.3948726369263 112.00413513184
49.034357020658 8.3948705034177 111.9976272583
49.034370039847 8.3948681169134 111.99040985107
49.034381884346 8.3948658608905 111.98764801025
49.034393700131 8.3948636671359 111.9817199707
49.034406651166 8.3948611941627 111.97536468506
49.034418380409 8.3948589573611 111.96668243408
49.034431244407 8.3948564432955 111.95729064941
49.0344429063 8.3948541641887 111.94860839844
49.034455682678 8.3948515814052 111.94139099121
49.034467271941 8.3948492591398 111.93457794189
49.034478845341 8.3948469598023 111.92766571045
49.03449155117 8.39484442044 111.92183685303
49.034503076791 8.3948422135437 111.9143447876
49.034515726422 8.3948397063738 111.91007232666
49.034527205357 8.3948374574877 111.90201568604
49.034538666504 8.394835195112 111.89401245117
49.034551284703 8.3948328265121 111.88325500488
49.034562788746 8.3948305393286 111.88428497314
49.034575393498 8.3948280541903 111.88408660889
49.034586837034 8.394825718086 111.88482666016
49.034598242023 8.3948234265061 111.88107299805
49.034610762722 8.3948209610403 111.87522888184
49.034622141345 8.3948188576789 111.8660736084
49.034634671614 8.394816560433 111.85906219482
49.034646080639 8.3948145015391 111.85396575928
49.034658647749 8.3948122841757 111.8469543457
49.034670083161 8.394810292406 111.83578491211
49.034681594797 8.3948082310056 111.82823944092
49.034694442713 8.3948057838105 111.83507537842
49.034706070505 8.3948036351081 111.83613586426
49.034718881668 8.3948012961044 111.83783721924
49.034730490815 8.3947992326967 111.83580780029
49.034742137966 8.3947970862707 111.84831237793
49.034754898983 8.3947948233009 111.85491943359
49.034766527845 8.3947927356347 111.86452484131
49.03477927274 8.3947905494746 111.86408233643
49.034790880357 8.3947885578134 111.86598968506
49.034802461557 8.3947865324939 111.87488555908
49.034815200078 8.3947842859544 111.8836517334
49.034826770231 8.3947822871284 111.88481903076
49.034839504106 8.3947800632753 111.88787078857
49.034851070552 8.3947780449166 111.88843536377
49.034863795303 8.3947757873905 111.89469909668
49.034875353938 8.3947737405223 111.89426422119
49.034886910155 8.3947716734054 111.89248657227
49.034899618455 8.3947693859598 111.89170074463
49.034911159414 8.3947672987227 111.89630126953
49.034923865433 8.3947649879495 111.91149139404
49.034935413292 8.3947629317031 111.91441345215
49.034946951734 8.3947608272443 111.91535949707
49.034959637939 8.394758464806 111.91110992432
49.034971171014 8.3947562559711 111.91737365723
49.034983859958 8.3947539376549 111.92091369629
49.034995400653 8.3947519048578 111.92770385742
49.035006957317 8.3947499323085 111.93087768555
49.035019664079 8.3947478222392 111.92860412598
49.035031225608 8.3947458967972 111.92467498779
49.035043952773 8.3947437573683 111.9224395752
49.035055532831 8.3947417625942 111.91754150391
49.035068283481 8.3947396499529 111.91253662109
49.035079903433 8.394737735477 111.9068145752
49.035091547051 8.3947358265062 111.90504455566
49.03510437323 8.3947337530317 111.9027557373
49.035116051482 8.3947318253267 111.89649963379
49.035128916851 8.3947296808479 111.89157867432
49.035140621949 8.3947280441958 111.87893676758
49.035152370786 8.3947263421182 111.878074646
49.035165348561 8.394724246259 111.87739562988
49.035177173654 8.3947224294087 111.87390136719
49.035190162925 8.3947203964109 111.85237884521
49.035201980981 8.394718574866 111.83447265625
49.035215013722 8.3947164274371 111.81929016113
49.035226871657 8.3947144399645 111.8073348999
49.035238768477 8.3947123445958 111.80303955078
49.035251886285 8.3947100282238 111.80163574219
49.03526384338 8.3947080071298 111.7995300293
49.035277025446 8.3947057775024 111.80052185059
49.035289036429 8.3947036662714 111.80291748047
49.035301076232 8.3947015704695 111.80390167236
49.035314350307 8.3946992787935 111.8056640625
49.035326444972 8.3946971615094 111.80867004395
49.035339787547 8.3946948336507 111.81552886963
49.035351953485 8.3946927064762 111.82039642334
49.03536536016 8.3946903128014 111.83346557617
49.035377566532 8.3946881326617 111.83448791504
49.035389786029 8.3946858568408 111.84925842285
49.035403277088 8.394683331014 111.86171722412
49.035415568667 8.3946810278367 111.87574768066
49.035429122834 8.394678613214 111.87380981445
49.035441465651 8.3946764881291 111.86936950684
49.035453852622 8.3946743640804 111.866065979
49.035467509601 8.3946719861879 111.85946655273
49.035480000448 8.3946697990306 111.85262298584
49.0354937764 8.3946673349093 111.85796356201
49.035506317095 8.39466508493 111.86219024658
49.03551887577 8.3946628290239 111.86915588379
49.035532767273 8.3946604019887 111.87003326416
49.035545416643 8.3946582042653 111.8675994873
49.035559363157 8.3946557085892 111.86892700195
49.035572049904 8.3946534092416 111.87083435059
49.035586037039 8.3946509050346 111.87425231934
49.035598768111 8.3946486350164 111.87287902832
49.035611530996 8.3946463803321 111.87159729004
49.035625583829 8.3946439055172 111.86819458008
49.035638368915 8.3946416644502 111.86979675293
49.035652435742 8.3946391848091 111.86623382568
49.035665232737 8.3946369561562 111.86113739014
49.035678064791 8.3946347175347 111.85840606689
49.035692202381 8.394632249289 111.8575592041
49.035705073402 8.3946299693293 111.85981750488
49.03571924822 8.3946274646188 111.86206054688
49.035732163468 8.3946251693507 111.86540222168
49.035745102985 8.3946228802923 111.86991882324
49.035759370887 8.3946203835203 111.86981201172
49.035772355754 8.394618108388 111.86953735352
49.035786667129 8.3946156266995 111.86785888672
49.035799698848 8.394613383458 111.86459350586
49.035812757708 8.3946111564822 111.86254119873
49.03582713325 8.3946086993764 111.85870361328
49.035840215735 8.3946064481845 111.85726165771
49.035854639356 8.3946039775317 111.84995269775
49.035867773743 8.3946017230127 111.84351348877
49.035882238402 8.3945992442971 111.83490753174
49.035895415462 8.3945969821404 111.8314743042
49.035908595543 8.3945947191371 111.82873535156
49.035923104355 8.3945922442092 111.82549285889
49.03593629509 8.3945900036632 111.81897735596
49.035950809468 8.3945875300148 111.81094360352
49.035964019814 8.3945852401734 111.81186676025
49.035977245985 8.3945829152195 111.81620788574
49.035991796836 8.3945804094757 111.82521057129
49.036005019517 8.3945781302622 111.82875823975
49.036019575371 8.3945755992216 111.83934020996
49.036032809398 8.3945732990095 111.84850311279
49.036046052175 8.394571009025 111.85971832275
49.036060627024 8.3945684982786 111.86622619629
49.036073892524 8.3945661780823 111.88609313965
49.036088482373 8.3945636962289 111.89807891846
49.036101772043 8.394561428011 111.91703033447
49.036115075634 8.3945592341142 111.92347717285
49.036129728422 8.3945568457578 111.93198394775
49.036143045315 8.3945547164004 111.93283081055
49.036157697042 8.3945523668973 111.93489074707
49.036171020803 8.3945502262661 111.93896484375
49.036184366442 8.394548084252 111.94554138184
49.036199073765 8.3945456907919 111.95069885254
49.036212465501 8.3945435218886 111.95243835449
49.036227236221 8.3945410948043 111.95840454102
49.036240688148 8.3945388551122 111.96639251709
49.036254174273 8.3945366000619 111.97564697266
49.036269068083 8.3945341634561 111.97520446777
49.036282669916 8.3945319059889 111.97673034668
49.036297646844 8.3945293709391 111.97770690918
49.036311313524 8.3945270695032 111.9806137085
49.036325009439 8.3945248068827 111.97882080078
49.036340123754 8.3945223346708 111.98160552979
49.03635390252 8.3945200416502 111.98244476318
49.036369103517 8.3945174507643 111.9947052002
49.036382947754 8.394515112536 112.00242614746
49.036396783068 8.3945126999357 112.01438903809
49.03641206161 8.3945099144283 112.03021240234
49.036426010589 8.3945074384124 112.04008483887
49.036441382878 8.3945047297843 112.05084228516
49.036455362602 8.3945023035931 112.05284881592
49.03647075258 8.3944996278955 112.05912017822
49.036484739871 8.394497220344 112.06312561035
49.03649871726 8.3944947967517 112.07189941406
49.036514080744 8.3944921518598 112.07717132568
49.036528059151 8.3944897385178 112.08760070801
49.036543420516 8.394487162254 112.0940246582
49.036557378497 8.3944848508283 112.09900665283
49.036571305349 8.394482541086 112.09477996826
49.036586571807 8.3944799657796 112.10344696045
49.036600426946 8.3944776206731 112.10567474365
49.036615640388 8.3944750557425 112.11000061035
49.036629466637 8.3944727214772 112.11755371094
49.036643279045 8.3944703661478 112.12801361084
49.036658472009 8.3944677846232 112.12902069092
49.036672250803 8.3944654260349 112.12245941162
49.036687364688 8.3944628223015 112.11155700684
49.036701101416 8.3944604422309 112.10652923584
49.036714814672 8.3944580089388 112.10667419434
49.036729883945 8.394455306206 112.10274505615
49.036743561438 8.3944527639799 112.1060333252
49.036758602628 8.3944499825733 112.10743713379
49.036772260008 8.3944474265937 112.11335754395
49.036785908828 8.3944448945109 112.11999511719
49.03680090995 8.3944421034398 112.12734985352
49.036814535557 8.394439559375 112.13317108154
49.036829523315 8.3944367502184 112.13790130615
49.036843158665 8.3944342187277 112.14340209961
49.036856810864 8.3944316914834 112.15213775635
49.036871853684 8.3944288548602 112.16260528564
49.036885535219 8.3944263044706 112.16455841064
49.036900603487 8.3944234015094 112.1734085083
49.036914302556 8.394420792341 112.17943572998
49.036929369303 8.3944178826547 112.19110107422
49.036943086967 8.3944152875338 112.19657897949
49.036956812471 8.3944126875756 112.20320892334
49.036971945602 8.394409883651 112.20555114746
49.036985730651 8.3944073688597 112.20839691162
49.037000915924 8.394404602452 112.2102355957
49.037014735777 8.3944020687294 112.21503448486
49.037028572766 8.3943995461515 112.21855926514
49.037043810294 8.3943967708794 112.22242736816
49.0370576755 8.3943942551404 112.2279586792
49.037072932104 8.3943915166765 112.23125457764
49.037086827918 8.3943890343437 112.2321395874
49.037100740829 8.3943865555982 112.23015594482
49.037116087382 8.3943838673067 112.23348999023
