0.000000 0.000104 0.000060
0.123667 -0.030116 0.003981
0.277482 -0.069851 0.010313
0.434825 -0.114750 0.017455
0.603285 -0.169361 0.026991
0.801145 -0.243129 0.037795
0.990812 -0.325608 0.046034
1.212037 -0.426641 0.054091
1.423107 -0.529527 0.062727
1.656324 -0.665186 0.083586
1.865389 -0.813834 0.105009
2.079158 -0.973603 0.118055
2.318638 -1.166562 0.129530
2.533464 -1.364160 0.139082
2.764578 -1.606980 0.148023
2.967547 -1.848914 0.155790
3.163492 -2.114480 0.158780
3.371934 -2.434888 0.154370
3.555127 -2.750432 0.147549
3.748900 -3.125206 0.139142
3.911621 -3.493918 0.131130
4.058478 -3.890483 0.121105
4.206043 -4.356767 0.112194
4.327918 -4.807763 0.097514
4.436008 -5.283221 0.079447
4.534098 -5.837291 0.055429
4.606353 -6.366107 0.030877
4.666414 -6.920290 0.005486
4.718490 -7.557325 -0.021111
4.752597 -8.160697 -0.043465
4.781345 -8.849738 -0.067118
4.803515 -9.499705 -0.089763
4.820286 -10.170970 -0.115078
4.829559 -10.932416 -0.145490
4.830017 -11.645942 -0.174803
4.823278 -12.376498 -0.207733
4.806480 -13.199382 -0.248018
4.783488 -13.960303 -0.285099
4.754161 -14.730223 -0.325322
4.710303 -15.582403 -0.368858
4.660128 -16.361329 -0.411905
4.593540 -17.221415 -0.462154
4.521543 -18.006588 -0.511717
4.437013 -18.795590 -0.560517
4.329001 -19.666009 -0.613696
4.216268 -20.461203 -0.663503
4.085648 -21.257276 -0.713661
3.911739 -22.131528 -0.769145
3.726215 -22.923457 -0.817778
3.489386 -23.789250 -0.872590
3.247569 -24.571121 -0.923557
2.981145 -25.346992 -0.974860
2.656951 -26.190768 -1.029582
2.333875 -26.947228 -1.077894
1.950521 -27.768330 -1.126481
1.577691 -28.503909 -1.165730
1.178340 -29.229820 -1.199776
0.717192 -30.014864 -1.234356
0.282081 -30.712712 -1.267104
-0.166701 -31.398533 -1.298236
-0.677570 -32.139845 -1.321677
-1.160555 -32.799115 -1.322291
-1.712041 -33.505782 -1.307753
-2.226462 -34.132267 -1.287309
-2.754990 -34.743100 -1.262868
-3.350531 -35.395060 -1.237482
-3.899947 -35.972319 -1.222577
-4.451039 -36.538194 -1.214219
-5.059736 -37.146854 -1.206945
-5.612834 -37.694143 -1.199380
-6.226865 -38.292980 -1.185117
-6.798671 -38.821645 -1.175996
-7.381166 -39.349754 -1.165594
-8.035015 -39.936431 -1.158594
-8.642113 -40.474885 -1.153822
-9.261438 -41.023991 -1.141528
-9.950462 -41.643632 -1.128487
-10.582096 -42.224663 -1.118452
-11.220514 -42.820430 -1.108615
-11.930028 -43.494037 -1.096795
-12.582092 -44.124888 -1.085021
-13.307430 -44.838112 -1.068319
-13.977716 -45.498703 -1.052929
-14.657891 -46.166849 -1.037814
-15.418312 -46.911253 -1.023935
-16.119096 -47.594668 -1.012971
-16.827784 -48.286588 -1.001320
-17.613967 -49.052366 -0.988542
-18.331305 -49.754111 -0.975579
-19.119719 -50.523291 -0.959764
-19.834270 -51.220336 -0.944559
-20.547014 -51.916340 -0.928957
-21.329086 -52.681510 -0.910564
-22.037802 -53.377957 -0.896122
-22.742825 -54.074141 -0.884564
-23.514539 -54.838787 -0.872839
-24.212403 -55.534303 -0.862594
-24.974433 -56.297621 -0.850458
-25.664282 -56.989670 -0.840106
-26.353547 -57.676235 -0.827984
-27.114667 -58.424405 -0.811194
-27.810350 -59.092664 -0.790360
-28.574730 -59.823320 -0.774577
-29.269911 -60.478184 -0.762852
-29.966947 -61.126702 -0.752257
-30.732156 -61.833430 -0.737558
-31.430319 -62.468581 -0.724292
-32.129852 -63.098579 -0.710432
-32.902110 -63.785984 -0.692803
-33.602520 -64.407299 -0.676258
-34.368555 -65.085084 -0.673797
-35.062749 -65.695771 -0.685724
-35.756799 -66.300633 -0.691563
-36.521250 -66.964857 -0.690826
-37.213237 -67.563609 -0.680415
-37.903019 -68.165062 -0.673376
-38.659143 -68.825869 -0.670305
-39.344039 -69.427795 -0.665357
-40.088548 -70.091767 -0.671167
-40.763250 -70.694774 -0.685338
-41.440304 -71.292574 -0.694382
-42.182719 -71.946916 -0.704008
-42.853985 -72.544495 -0.720285
-43.522294 -73.143006 -0.733449
-44.251712 -73.806307 -0.740832
-44.903484 -74.416290 -0.760100
-45.609242 -75.099114 -0.779202
-46.244457 -75.721605 -0.793008
-46.868742 -76.352063 -0.808416
-47.544127 -77.054399 -0.830875
-48.151077 -77.697053 -0.846634
-48.746465 -78.346443 -0.858640
-49.389504 -79.067297 -0.879528
-49.967683 -79.727810 -0.892480
-50.589536 -80.466652 -0.887291
-51.147001 -81.143083 -0.881582
-51.692564 -81.824240 -0.881473
-52.280175 -82.581855 -0.884143
-52.807529 -83.275604 -0.887696
-53.332846 -83.971607 -0.879577
-53.907992 -84.738196 -0.862960
-54.428161 -85.434683 -0.848874
-54.996268 -86.204232 -0.828778
-55.506597 -86.907653 -0.807033
-56.011378 -87.612602 -0.787776
-56.555503 -88.393580 -0.776179
-57.043900 -89.106066 -0.767938
-57.530842 -89.816865 -0.754433
-58.064162 -90.599127 -0.740930
-58.541241 -91.317414 -0.724908
-59.064356 -92.109232 -0.699289
-59.534916 -92.835212 -0.677621
-59.998095 -93.561981 -0.668405
-60.499608 -94.367057 -0.652339
-60.951985 -95.100466 -0.636546
-61.443342 -95.911893 -0.613339
-61.888454 -96.649684 -0.592572
-62.329869 -97.389372 -0.572751
-62.804134 -98.208924 -0.552245
-63.227076 -98.958693 -0.535491
-63.643651 -99.712979 -0.517410
-64.101241 -100.541357 -0.495623
-64.514579 -101.296325 -0.476367
-64.964821 -102.128094 -0.456549
-65.374884 -102.884984 -0.436957
-65.783073 -103.642166 -0.417534
-66.222688 -104.478286 -0.394237
-66.614079 -105.240604 -0.382367
-67.002237 -106.003019 -0.371977
-67.424743 -106.843854 -0.351473
-67.807243 -107.609104 -0.334003
-68.231935 -108.448286 -0.314414
-68.616296 -109.209848 -0.294641
-68.997846 -109.969452 -0.279826
-69.415752 -110.799355 -0.275069
-69.793253 -111.552392 -0.269578
-70.168331 -112.305320 -0.259448
-70.580215 -113.131009 -0.239860
-70.956255 -113.878426 -0.221368
-71.366001 -114.696941 -0.212049
-71.723565 -115.444266 -0.197617
-72.080370 -116.186310 -0.182070
-72.475126 -116.997348 -0.163718
-72.833478 -117.727582 -0.141595
-73.224712 -118.525329 -0.119565
-73.581962 -119.249643 -0.095154
-73.937692 -119.965855 -0.069979
-74.323273 -120.757104 -0.039740
-74.666310 -121.471480 -0.022653
-75.006597 -122.182887 -0.007900
-75.372388 -122.961973 0.006836
-75.696905 -123.667506 0.017637
-76.013887 -124.375220 0.043987
-76.355335 -125.151019 0.071586
-76.658610 -125.855877 0.087987
-76.977015 -126.630726 0.104661
-77.255194 -127.336603 0.123091
-77.523393 -128.036936 0.143017
-77.806217 -128.807467 0.165337
-78.044965 -129.506016 0.181052
-78.276442 -130.204177 0.200704
-78.521428 -130.974443 0.236222
-78.732473 -131.678631 0.278701
-78.947139 -132.449196 0.326275
-79.131256 -133.146720 0.360712
-79.308714 -133.844547 0.389611
-79.495459 -134.614235 0.425725
-79.669348 -135.318660 0.474002
-79.860813 -136.090482 0.535156
-80.032976 -136.793906 0.579221
-80.206062 -137.494912 0.615001
-80.402745 -138.260502 0.660484
-80.579069 -138.961778 0.705693
-80.780588 -139.728827 0.744660
-80.966029 -140.424328 0.786070
-81.154370 -141.115213 0.833446
-81.363513 -141.866195 0.871147
-81.555690 -142.547158 0.905553
-81.750475 -143.222242 0.943316
-81.968298 -143.957215 0.985441
-82.167943 -144.618203 1.017986
-82.388845 -145.347635 1.063087
-82.589989 -146.005070 1.108342
-82.784316 -146.657486 1.150301
-82.995117 -147.367867 1.190413
-83.177219 -148.008939 1.224438
-83.346676 -148.647936 1.257685
-83.516012 -149.347669 1.297843
-83.661380 -149.980033 1.337224
-83.799391 -150.610348 1.373585
-83.937389 -151.300353 1.411393
-84.048873 -151.922744 1.441986
-84.159366 -152.602619 1.468152
-84.250172 -153.220203 1.485791
-84.326692 -153.826107 1.498013
-84.396875 -154.494014 1.511912
-84.452208 -155.095314 1.524653
-84.502651 -155.699508 1.539545
-84.548478 -156.361401 1.552361
-84.574233 -156.957306 1.559350
-84.594999 -157.609421 1.564201
-84.615237 -158.197915 1.563743
-84.634240 -158.788124 1.567131
-84.647815 -159.437786 1.578269
-84.649037 -160.034921 1.602348
-84.647832 -160.631969 1.630043
-84.643474 -161.292496 1.660605
-84.640975 -161.891547 1.672217
-84.637752 -162.549350 1.676747
-84.636233 -163.145626 1.677007
-84.632662 -163.745196 1.678014
-84.624717 -164.407827 1.687915
-84.613152 -165.018548 1.702212
-84.599318 -165.635298 1.711824
-84.580860 -166.316308 1.716217
-84.562270 -166.936355 1.720275
-84.537213 -167.616203 1.721173
-84.506267 -168.235592 1.719127
-84.462804 -168.857646 1.716762
-84.409789 -169.549049 1.713692
-84.351676 -170.185931 1.717903
-84.286286 -170.827674 1.726859
-84.198626 -171.530751 1.735920
-84.113556 -172.170045 1.738391
-84.015930 -172.884757 1.741821
-83.919084 -173.539160 1.741149
-83.818299 -174.205506 1.747480
-83.709596 -174.951117 1.750375
-83.605963 -175.627333 1.743445
-83.498800 -176.310989 1.738606
-83.383594 -177.078838 1.733353
-83.285667 -177.789186 1.730878
-83.175464 -178.570351 1.733787
-83.074660 -179.283391 1.732975
-82.970477 -179.996633 1.732513
-82.854817 -180.784695 1.722620
-82.748562 -181.500895 1.712973
-82.634092 -182.287275 1.703263
-82.531696 -183.001322 1.691738
-82.431934 -183.714760 1.671928
-82.319369 -184.499383 1.655336
-82.215550 -185.212304 1.649869
-82.114109 -185.924389 1.645104
-82.000097 -186.707209 1.638934
-81.897125 -187.420235 1.629866
-81.792710 -188.203683 1.618156
-81.703595 -188.916590 1.610323
-81.622126 -189.628430 1.604123
-81.538237 -190.415716 1.596288
-81.467660 -191.130823 1.589798
-81.409187 -191.846011 1.589671
-81.361032 -192.633962 1.588000
-81.318490 -193.346650 1.575161
-81.273182 -194.132125 1.552082
-81.240784 -194.847784 1.530667
-81.207739 -195.572261 1.506644
-81.169593 -196.367648 1.473096
-81.133601 -197.093674 1.441565
-81.102147 -197.822713 1.419463
-81.074424 -198.627575 1.401692
-81.047763 -199.361709 1.385496
-81.018942 -200.172897 1.364520
-80.986985 -200.914819 1.341502
-80.949411 -201.658787 1.321597
-80.899853 -202.481874 1.294548
-80.851661 -203.229423 1.265243
-80.796831 -203.982311 1.234809
-80.730074 -204.813329 1.200482
-80.663073 -205.570736 1.155933
-80.588327 -206.405699 1.117943
-80.517174 -207.168273 1.094238
-80.441009 -207.929355 1.066153
-80.354790 -208.771320 1.036295
-80.276053 -209.537517 1.014589
-80.195184 -210.301735 0.992500
-80.103254 -211.136177 0.960110
-80.017604 -211.891413 0.926501
-79.914872 -212.721403 0.884712
-79.814679 -213.476802 0.853316
-79.712079 -214.227590 0.814519
-79.599087 -215.049274 0.775262
-79.492398 -215.794091 0.733796
-79.378420 -216.541817 0.694557
-79.250395 -217.368604 0.665569
-79.136816 -218.123152 0.650438
-79.022397 -218.880462 0.629616
-78.889973 -219.713647 0.600933
-78.768635 -220.470872 0.570772
-78.634882 -221.299921 0.519720
-78.512585 -222.054128 0.469249
-78.383256 -222.807975 0.424196
-78.237987 -223.635178 0.383947
-78.102748 -224.385125 0.342616
-77.963906 -225.138717 0.307878
-77.807334 -225.971571 0.279454
-77.662288 -226.732243 0.256021
-77.500018 -227.568722 0.224988
-77.348415 -228.330943 0.190020
-77.195645 -229.096512 0.156348
-77.024290 -229.937100 0.105676
-76.861647 -230.694578 0.054778
-76.700543 -231.449746 -0.007809
-76.527108 -232.282683 -0.072519
-76.368436 -233.045060 -0.112385
-76.191219 -233.886127 -0.140231
-76.032748 -234.650201 -0.176069
-75.874270 -235.414972 -0.213800
-75.699615 -236.263652 -0.247399
-75.539935 -237.033659 -0.276188
-75.376270 -237.801688 -0.311799
-75.193393 -238.645230 -0.359634
-75.025691 -239.411884 -0.403346
-74.838577 -240.253241 -0.454645
-74.669659 -241.019366 -0.500098
-74.500069 -241.782880 -0.548388
-74.306685 -242.624277 -0.594759
-74.129090 -243.387519 -0.648665
-73.948270 -244.149035 -0.701731
-73.742023 -244.984214 -0.763452
-73.554776 -245.744725 -0.813467
-73.347955 -246.582672 -0.864065
-73.151951 -247.342360 -0.902880
-72.949122 -248.100217 -0.938475
-72.718580 -248.929443 -0.984281
-72.492106 -249.680951 -1.022196
-72.256142 -250.428866 -1.059988
-71.983160 -251.249385 -1.096516
-71.719989 -251.988786 -1.137833
-71.447430 -252.722987 -1.183315
-71.138298 -253.528874 -1.234537
-70.849329 -254.258617 -1.276417
-70.527159 -255.063891 -1.315264
-70.236930 -255.794955 -1.355604
-69.956878 -256.529383 -1.395746
-69.662251 -257.341720 -1.437768
-69.404235 -258.086497 -1.466924
-69.123023 -258.906741 -1.497609
-68.881128 -259.654467 -1.528536
-68.652137 -260.406329 -1.564605
-68.403736 -261.233168 -1.599167
-68.181537 -261.992270 -1.629073
-67.946200 -262.828551 -1.662705
-67.735682 -263.591421 -1.692458
-67.529742 -264.358974 -1.720564
-67.308021 -265.204627 -1.760971
-67.110273 -265.974388 -1.805298
-66.913858 -266.743538 -1.853637
-66.701995 -267.593024 -1.909411
-66.510204 -268.368198 -1.957934
-66.299723 -269.225373 -1.997931
-66.108114 -270.010205 -2.017478
-65.920217 -270.797227 -2.043785
-65.714587 -271.671379 -2.071331
-65.520084 -272.469478 -2.092894
-65.323413 -273.267921 -2.117020
-65.105089 -274.153412 -2.147603
-64.900912 -274.958585 -2.173042
-64.668364 -275.849061 -2.194227
-64.455349 -276.655521 -2.221191
-64.243510 -277.466902 -2.243914
-64.009501 -278.363099 -2.259240
-63.789902 -279.179775 -2.270062
-63.559575 -279.998494 -2.283798
-63.292763 -280.898852 -2.294516
-63.042342 -281.722164 -2.306497
-62.779109 -282.548800 -2.324186
-62.484061 -283.460564 -2.345647
-62.210822 -284.283809 -2.377801
-61.899196 -285.184142 -2.422455
-61.620932 -285.995469 -2.465960
-61.334662 -286.808223 -2.500037
-61.013290 -287.703563 -2.530408
-60.713102 -288.519841 -2.547578
-60.423557 -289.348692 -2.551382
-60.088100 -290.260911 -2.556623
-59.778794 -291.091800 -2.569506
-59.414030 -291.999555 -2.592051
-59.081564 -292.884957 -2.559954
-58.736193 -293.787312 -2.510950
-58.354506 -294.782688 -2.453620
-57.998033 -295.662682 -2.427244
-57.634872 -296.533749 -2.414601
-57.230844 -297.495230 -2.392929
-56.850541 -298.356202 -2.382514
-56.419732 -299.303353 -2.364900
-56.016950 -300.155548 -2.359566
-55.611152 -301.010377 -2.361998
-55.157180 -301.931223 -2.376091
-54.737464 -302.772407 -2.380735
-54.320233 -303.606832 -2.386234
-53.856151 -304.524366 -2.385008
-53.427148 -305.348474 -2.388980
-52.951790 -306.253632 -2.395947
-52.515874 -307.070906 -2.401384
-52.072630 -307.881726 -2.407096
-51.574319 -308.766520 -2.417236
-51.122730 -309.566305 -2.430806
-50.661631 -310.362519 -2.442316
-50.157153 -311.232590 -2.456453
-49.694124 -312.020242 -2.462164
-49.178220 -312.878785 -2.477629
-48.709309 -313.660367 -2.489642
-48.232219 -314.438291 -2.498252
-47.700215 -315.288901 -2.506286
-47.217107 -316.060518 -2.524601
-46.733861 -316.832053 -2.540795
-46.200045 -317.676368 -2.554672
-45.714600 -318.441772 -2.577336
-45.182659 -319.281499 -2.604886
-44.695549 -320.044008 -2.619355
-44.205291 -320.809934 -2.628561
-43.664714 -321.657759 -2.641921
-43.172658 -322.431459 -2.658345
-42.633573 -323.285684 -2.680616
-42.144503 -324.064585 -2.704960
-41.659901 -324.849039 -2.728037
-41.132182 -325.720393 -2.748129
-40.655104 -326.518121 -2.760801
-40.184282 -327.321738 -2.773305
-39.670784 -328.214017 -2.790575
-39.208382 -329.031662 -2.805904
-38.704191 -329.935973 -2.825418
-38.252902 -330.760104 -2.857547
-37.810776 -331.590344 -2.895536
-37.332223 -332.512360 -2.929242
-36.902510 -333.358329 -2.949105
-36.477569 -334.210186 -2.964986
-36.014166 -335.151961 -2.985052
-35.598257 -336.014490 -3.007953
-35.141729 -336.967572 -3.035055
-34.725838 -337.837902 -3.061847
-34.317168 -338.711860 -3.089891
-33.871429 -339.678829 -3.120122
-33.468497 -340.563219 -3.149556
-33.067803 -341.450461 -3.181339
-32.633801 -342.432407 -3.213021
-32.240581 -343.326847 -3.242990
-31.811934 -344.312665 -3.277846
-31.425536 -345.210504 -3.308014
-31.040698 -346.109137 -3.336427
-30.622782 -347.098119 -3.369132
-30.248087 -347.998471 -3.401589
-29.876669 -348.900385 -3.431819
-29.472302 -349.895659 -3.456408
-29.107924 -350.804276 -3.479863
-28.708629 -351.802778 -3.517605
-28.345965 -352.708636 -3.558975
-27.987483 -353.613849 -3.606097
-27.593316 -354.611033 -3.652812
-27.237492 -355.519717 -3.684843
-26.882806 -356.429912 -3.708574
-26.497565 -357.433869 -3.730159
-26.147207 -358.346769 -3.755248
-25.796210 -359.259397 -3.785648
-25.410989 -360.262395 -3.822309
-25.060254 -361.172528 -3.859148
-24.675635 -362.174060 -3.901363
-24.323815 -363.085866 -3.936692
-23.973890 -363.999400 -3.967169
-23.588283 -365.002535 -4.004853
-23.239060 -365.913648 -4.042380
-22.888619 -366.824685 -4.081951
-22.504279 -367.827745 -4.121116
-22.154270 -368.738800 -4.154111
-21.770323 -369.738312 -4.195183
-21.421719 -370.644595 -4.232848
-21.072861 -371.547913 -4.271473
-20.692138 -372.538219 -4.314392
-20.347456 -373.435458 -4.356771
-19.999492 -374.326348 -4.400844
-19.617087 -375.301318 -4.451636
-19.270685 -376.179170 -4.496471
-18.893368 -377.136175 -4.546499
-18.551740 -377.995052 -4.593607
-18.212800 -378.842783 -4.637449
-17.843030 -379.761560 -4.683783
-17.510448 -380.583546 -4.726052
-17.178837 -381.392018 -4.769266
-16.816379 -382.263583 -4.819870
-16.492668 -383.040153 -4.871506
-16.144284 -383.876173 -4.934742
-15.835363 -384.624041 -4.991640
-15.534368 -385.356592 -5.048035
-15.213277 -386.149568 -5.107652
-14.928737 -386.858966 -5.160963
-14.650454 -387.560040 -5.208750
-14.348585 -388.319534 -5.259103
-14.077132 -388.997779 -5.303562
-13.810449 -389.666980 -5.349333
-13.524509 -390.391523 -5.397747
-13.274031 -391.041315 -5.438162
-13.010512 -391.746244 -5.483996
-12.775002 -392.382973 -5.529094
-12.545193 -393.020104 -5.576679
-12.297910 -393.728220 -5.627549
-12.077950 -394.379274 -5.666438
-11.839625 -395.104532 -5.704416
-11.631277 -395.768754 -5.744557
-11.429344 -396.439471 -5.788803
-11.213665 -397.182324 -5.845001
-11.023467 -397.863814 -5.902966
-10.842124 -398.549225 -5.962761
-10.650810 -399.311005 -6.032282
-10.480109 -400.010205 -6.093681
-10.293735 -400.788177 -6.156520
-10.126885 -401.505596 -6.207163
-9.955447 -402.230001 -6.261865
-9.767296 -403.034015 -6.331816
-9.600468 -403.767631 -6.414123
-9.436306 -404.507044 -6.511002
-9.258605 -405.326152 -6.619116
-9.103582 -406.078022 -6.715004
-8.939591 -406.910089 -6.822952
-8.799091 -407.666442 -6.923052
-8.662887 -408.417133 -7.026371
-8.514764 -409.237665 -7.150340
-8.384392 -409.980855 -7.261548
-8.257368 -410.719934 -7.370757
-8.125075 -411.526438 -7.487493
-8.012939 -412.254693 -7.592902
-7.901877 -413.048635 -7.705441
-7.806181 -413.764038 -7.805417
-7.719689 -414.469864 -7.905362
-7.636307 -415.234697 -8.015641
-7.567200 -415.923268 -8.116287
-7.500425 -416.608263 -8.221206
-7.435187 -417.363847 -8.332873
-7.389550 -418.050865 -8.426805
-7.358970 -418.802988 -8.524114
-7.347267 -419.487322 -8.609868
-7.352385 -420.176204 -8.694203
-7.376443 -420.941096 -8.781106
-7.415714 -421.643666 -8.856653
-7.474107 -422.421933 -8.940445
-7.540090 -423.135896 -9.012239
-7.615946 -423.853535 -9.082584
-7.714530 -424.643073 -9.163173
-7.812398 -425.363036 -9.243253
-7.913300 -426.087811 -9.327714
-8.029253 -426.889089 -9.427636
-8.143003 -427.619003 -9.521573
-8.274959 -428.418038 -9.626134
-8.388541 -429.138746 -9.724754
-8.506708 -429.859467 -9.833812
-8.651242 -430.656198 -9.955936
-8.781494 -431.391454 -10.044716
-8.913143 -432.134736 -10.113233
-9.065315 -432.947261 -10.189521
-9.201007 -433.674757 -10.271175
-9.344662 -434.467636 -10.369709
-9.478963 -435.185449 -10.457725
-9.611580 -435.906198 -10.516689
-9.744719 -436.698650 -10.550435
-9.863164 -437.407424 -10.583152
-9.983598 -438.103319 -10.629541
-10.114181 -438.856145 -10.691025
-10.227198 -439.535486 -10.740297
-10.346021 -440.277795 -10.784843
-10.448948 -440.944873 -10.825661
-10.548661 -441.601566 -10.866936
-10.652181 -442.313559 -10.905605
-10.745551 -442.951259 -10.937693
-10.838068 -443.583580 -10.962106
-10.942106 -444.274001 -10.984173
-11.046178 -444.894354 -11.005548
-11.173458 -445.564483 -11.027949
-11.298463 -446.155214 -11.042364
-11.423937 -446.721876 -11.057724
-11.570108 -447.323106 -11.072796
-11.703864 -447.847005 -11.087711
-11.857719 -448.400025 -11.103482
-11.995454 -448.879724 -11.115708
-12.138616 -449.334898 -11.123995
-12.298573 -449.803869 -11.131520
-12.446090 -450.201239 -11.141101
-12.589383 -450.575868 -11.153991
-12.738545 -450.962459 -11.167766
-12.874856 -451.297472 -11.184285
-13.026707 -451.645438 -11.194930
-13.161898 -451.943771 -11.194875
-13.297855 -452.224353 -11.189769
-13.439446 -452.514584 -11.183320
-13.555056 -452.765489 -11.179935
-13.657391 -453.001248 -11.175725
-13.763273 -453.241414 -11.174324
-13.853039 -453.439609 -11.175025
-13.945617 -453.633339 -11.174291
-14.021560 -453.788028 -11.170426
-14.090031 -453.927360 -11.166408
-14.154238 -454.076883 -11.171912
-14.210120 -454.211569 -11.175828
-14.266534 -454.346181 -11.178172
-14.337707 -454.492006 -11.176382
-14.400178 -454.621632 -11.177490
-14.455808 -454.752498 -11.179865
-14.510063 -454.897681 -11.182759
-14.557885 -455.029578 -11.184661
-14.613704 -455.178029 -11.188425
-14.670619 -455.321709 -11.190648
-14.732092 -455.477661 -11.193391
-14.801935 -455.669440 -11.199096
-14.866885 -455.859322 -11.205290
-14.936372 -456.058852 -11.206067
-15.024475 -456.287487 -11.197295
-15.111724 -456.503250 -11.189116
-15.203706 -456.751272 -11.183626
-15.287891 -456.984592 -11.185230
-15.370774 -457.224445 -11.189138
-15.456271 -457.497504 -11.186503
-15.533108 -457.754183 -11.183989
-15.607825 -458.022437 -11.185153
-15.684010 -458.333813 -11.190363
-15.746520 -458.630780 -11.201630
-15.801532 -458.939743 -11.211769
-15.866134 -459.290224 -11.212115
-15.921560 -459.622873 -11.207379
-15.974168 -460.004414 -11.202951
-16.013149 -460.366773 -11.201512
-16.042455 -460.744306 -11.200868
-16.065304 -461.177825 -11.200442
-16.064881 -461.588683 -11.199602
-16.032708 -462.014223 -11.195665
-15.981682 -462.504413 -11.190085
-15.935076 -462.968421 -11.186030
-15.869472 -463.498455 -11.181872
-15.806490 -463.997846 -11.178582
-15.730971 -464.513706 -11.174347
-15.657855 -465.098976 -11.170483
-15.602153 -465.641760 -11.171026
-15.527665 -466.201156 -11.170456
-15.429369 -466.831465 -11.168686
-15.320542 -467.419247 -11.165799
-15.188154 -468.081588 -11.162155
-15.064237 -468.708083 -11.145828
-14.934096 -469.351235 -11.124711
-14.779164 -470.075300 -11.096215
-14.624228 -470.744378 -11.076062
-14.463382 -471.427389 -11.058854
-14.270007 -472.190831 -11.046016
-14.091469 -472.900338 -11.032580
-13.882443 -473.693322 -11.021103
-13.690866 -474.429561 -11.008980
-13.490482 -475.178267 -11.000399
-13.264171 -476.015989 -10.988697
-13.049936 -476.789753 -10.977325
-12.831453 -477.572805 -10.964780
-12.587605 -478.445105 -10.947999
-12.360683 -479.246670 -10.932449
-12.105879 -480.138660 -10.913488
-11.867081 -480.959199 -10.896765
-11.625300 -481.791437 -10.880745
-11.351751 -482.717463 -10.863022
-11.098817 -483.569923 -10.841114
-10.842107 -484.434005 -10.816628
-10.558868 -485.396506 -10.788411
-10.299192 -486.282969 -10.770473
-10.012158 -487.268953 -10.751321
-9.745601 -488.174930 -10.730516
-9.474758 -489.090807 -10.709804
-9.172452 -490.111273 -10.685971
-8.892498 -491.049156 -10.662987
-8.610215 -491.996017 -10.642445
-8.294489 -493.048662 -10.619241
-8.004487 -494.015984 -10.596702
-7.684137 -495.082394 -10.556516
-7.378241 -496.043336 -10.531261
-7.073477 -497.018120 -10.508967
-6.739138 -498.096864 -10.485324
-6.435442 -499.088603 -10.458485
-6.106720 -500.185628 -10.426863
-5.816795 -501.189431 -10.401016
-5.535429 -502.193688 -10.379901
-5.244003 -503.305896 -10.355834
-4.996672 -504.328661 -10.329715
-4.765713 -505.353793 -10.308663
-4.534648 -506.493830 -10.288428
-4.342566 -507.532544 -10.270933
-4.150670 -508.687870 -10.237303
-3.987094 -509.742706 -10.186178
-3.853367 -510.805023 -10.141540
-3.732591 -511.975466 -10.098406
-3.650371 -513.043383 -10.064525
-3.591549 -514.220289 -10.021331
-3.572871 -515.289559 -9.980524
-3.586296 -516.358822 -9.939702
-3.641767 -517.533877 -9.888924
-3.724830 -518.603195 -9.834095
-3.855929 -519.776064 -9.770561
-4.005205 -520.840692 -9.708286
-4.183598 -521.901850 -9.637816
-4.415153 -523.072854 -9.557742
-4.651020 -524.135176 -9.487090
-4.906657 -525.192548 -9.417307
-5.215712 -526.352171 -9.337600
-5.521254 -527.402678 -9.261042
-5.847511 -528.447224 -9.187139
-6.224298 -529.601658 -9.119349
-6.572973 -530.648904 -9.059256
-6.961120 -531.801469 -8.984325
-7.317540 -532.847228 -8.913398
-7.681307 -533.898584 -8.845921
-8.088438 -535.057587 -8.770228
-8.467302 -536.120059 -8.700295
-8.852634 -537.187869 -8.624824
-9.282650 -538.372638 -8.538804
-9.679709 -539.456540 -8.464372
-10.078729 -540.546371 -8.394534
-10.523235 -541.751187 -8.320190
-10.932002 -542.852703 -8.245562
-11.385749 -544.073241 -8.155365
-11.800126 -545.189361 -8.072377
-12.215736 -546.313044 -7.990443
-12.674266 -547.556644 -7.901027
-13.096097 -548.695362 -7.816730
-13.521974 -549.840292 -7.730999
-14.000166 -551.103782 -7.642303
-14.440444 -552.258614 -7.558251
-14.929463 -553.537096 -7.464263
-15.380583 -554.704324 -7.377054
-15.837816 -555.876952 -7.291907
-16.362685 -557.190300 -7.218735
-16.845419 -558.389556 -7.153991
-17.336931 -559.596645 -7.092438
-17.879655 -560.923544 -7.013225
-18.384512 -562.138329 -6.942945
-18.891682 -563.354603 -6.868667
-19.456458 -564.698500 -6.781447
-19.974433 -565.922194 -6.688616
-20.552791 -567.274810 -6.586000
-21.085770 -568.508005 -6.494819
-21.625651 -569.745884 -6.403714
-22.229850 -571.113151 -6.303344
-22.785822 -572.360139 -6.211844
-23.350449 -573.612740 -6.119307
-23.975600 -574.995684 -6.017780
-24.551104 -576.258670 -5.924086
-25.187427 -577.654372 -5.819966
-25.772909 -578.928770 -5.724656
-26.362874 -580.208687 -5.630231
-27.017370 -581.621573 -5.523414
-27.615141 -582.911843 -5.431188
-28.215747 -584.207512 -5.336949
-28.880397 -585.639230 -5.231004
-29.492929 -586.951735 -5.129291
-30.164734 -588.390564 -5.025346
-30.775842 -589.698252 -4.935474
-31.387329 -591.007660 -4.840689
-32.060789 -592.452073 -4.734182
-32.669492 -593.770888 -4.623529
-33.278631 -595.095232 -4.509215
-33.948718 -596.553454 -4.380922
-34.559992 -597.877853 -4.266196
-35.172118 -599.203427 -4.150220
-35.845533 -600.663029 -4.021836
-36.455916 -601.989296 -3.911781
-37.121492 -603.450058 -3.792706
-37.725618 -604.777392 -3.684315
-38.328507 -606.105207 -3.579159
-38.993452 -607.565168 -3.464999
-39.596474 -608.891487 -3.361278
-40.196180 -610.217234 -3.258961
-40.854503 -611.670200 -3.146632
-41.455328 -612.989274 -3.044681
-42.120849 -614.438190 -2.936396
-42.727163 -615.752106 -2.840549
-43.334535 -617.065765 -2.747434
-43.998430 -618.512920 -2.644048
-44.596640 -619.830562 -2.543091
-45.193963 -621.146729 -2.439951
-45.846771 -622.594951 -2.331363
-46.442281 -623.913361 -2.236602
-47.093543 -625.364067 -2.133111
-47.690861 -626.680774 -2.037039
-48.281754 -627.996583 -1.938341
-48.932876 -629.443466 -1.833142
-49.523462 -630.757316 -1.735972
-50.113959 -632.069911 -1.636909
-50.766941 -633.508963 -1.526049
-51.354300 -634.812999 -1.428039
-51.937371 -636.110446 -1.330792
-52.568503 -637.533302 -1.214011
-53.140931 -638.817894 -1.105837
-53.763854 -640.222554 -0.991863
-54.329562 -641.486985 -0.892721
-54.890431 -642.748557 -0.796799
-55.504152 -644.129570 -0.690453
-56.057624 -645.377970 -0.595934
-56.607603 -646.618449 -0.499598
-57.208994 -647.967652 -0.394150
-57.749125 -649.180022 -0.299765
-58.280112 -650.371370 -0.209498
-58.854413 -651.663030 -0.109645
-59.367213 -652.809035 -0.024836
-59.924076 -654.043738 0.059352
-60.422369 -655.139881 0.133835
-60.908422 -656.216478 0.216117
-61.431956 -657.370921 0.312169
-61.893479 -658.389860 0.390444
-62.340233 -659.382973 0.463899
-62.814496 -660.441336 0.539835
-63.233444 -661.372846 0.609513
-63.677275 -662.358824 0.683670
-64.055671 -663.227411 0.748563
-64.418738 -664.058390 0.808410
-64.801533 -664.932203 0.868770
-65.136723 -665.691506 0.926732
-65.456575 -666.410666 0.980883
-65.788856 -667.162626 1.037457
-66.075947 -667.813041 1.083910
-66.384558 -668.491316 1.132023
-66.656397 -669.073290 1.173264
-66.933819 -669.622896 1.208955
-67.248822 -670.201097 1.246077
-67.544015 -670.715136 1.281908
-67.879355 -671.262283 1.324175
-68.203194 -671.739347 1.361642
-68.542070 -672.195024 1.396076
-68.934195 -672.672665 1.435953
-69.303115 -673.080261 1.471886
-69.732306 -673.492745 1.506308
-70.134656 -673.838458 1.534709
-70.601171 -674.171117 1.555238
-71.032222 -674.438527 1.582121
-71.480987 -674.672433 1.612716
-71.986078 -674.904007 1.644103
-72.459217 -675.086350 1.670309
-72.992732 -675.249961 1.700971
-73.491845 -675.360268 1.732295
-74.001720 -675.438246 1.757549
-74.573550 -675.492091 1.771636
-75.104039 -675.512435 1.782202
-75.694364 -675.495690 1.805817
-76.237907 -675.443171 1.835571
-76.789775 -675.364470 1.874055
-77.396737 -675.231398 1.909508
-77.948268 -675.065722 1.938770
-78.551249 -674.847259 1.973958
-79.091905 -674.599715 2.002603
-79.625688 -674.304495 2.032321
-80.199722 -673.936585 2.072666
-80.711034 -673.557382 2.109703
-81.209233 -673.140888 2.147140
-81.740879 -672.640818 2.178680
-82.213329 -672.158784 2.206587
-82.670578 -671.648543 2.237961
-83.160721 -671.054998 2.283351
-83.589793 -670.490308 2.325489
-84.018026 -669.907062 2.365935
-84.479961 -669.250602 2.407196
-84.890511 -668.636892 2.443953
-85.340475 -667.933283 2.472600
-85.748015 -667.281526 2.501517
-86.145866 -666.622723 2.534174
-86.567396 -665.878598 2.561056
-86.937756 -665.182645 2.583432
-87.294756 -664.473364 2.602223
-87.674335 -663.685235 2.618780
-87.994029 -662.951967 2.626313
-88.327021 -662.135786 2.636220
-88.609848 -661.379753 2.647617
-88.882933 -660.607276 2.652652
-89.161134 -659.749280 2.658490
-89.392082 -658.959587 2.659026
-89.616465 -658.163807 2.660448
-89.858211 -657.268124 2.658340
-90.078117 -656.446468 2.654988
-90.301966 -655.618750 2.648783
-90.548975 -654.700954 2.634928
-90.769381 -653.860282 2.615327
-91.013364 -652.923576 2.593905
-91.236877 -652.066098 2.581798
-91.470724 -651.196723 2.581746
-91.731909 -650.237386 2.594032
-91.984797 -649.359215 2.601686
-92.244165 -648.477180 2.609753
-92.525045 -647.496968 2.624787
-92.785882 -646.592154 2.643658
-93.077051 -645.587958 2.670199
-93.343040 -644.661771 2.690080
-93.610151 -643.729857 2.712433
-93.909672 -642.698809 2.731484
-94.178998 -641.757193 2.742180
-94.452523 -640.819141 2.753104
-94.757610 -639.790060 2.763792
-95.038688 -638.857610 2.775066
-95.329987 -637.924738 2.782068
-95.651515 -636.900177 2.785400
-95.946080 -635.979568 2.796856
-96.276220 -634.970288 2.819244
-96.578980 -634.059304 2.837855
-96.870807 -633.154633 2.842945
-97.195253 -632.166433 2.849477
-97.490768 -631.283444 2.867230
-97.794239 -630.400821 2.880374
-98.123369 -629.433529 2.878481
-98.417729 -628.557969 2.869698
-98.737109 -627.603028 2.868002
-99.025290 -626.747088 2.874994
-99.313584 -625.902971 2.883770
-99.628011 -624.985169 2.884404
-99.918813 -624.157135 2.884939
-100.205335 -623.342906 2.887074
-100.515074 -622.460280 2.887033
-100.799018 -621.674249 2.874761
-101.105932 -620.828571 2.866523
-101.382710 -620.073412 2.858200
-101.655651 -619.339327 2.851980
-101.951065 -618.555819 2.834809
-102.211081 -617.865269 2.828707
-102.459786 -617.194306 2.832018
-102.723194 -616.483113 2.833655
-102.959152 -615.860929 2.837419
-103.213747 -615.206627 2.839523
-103.432400 -614.637822 2.839788
-103.645969 -614.096271 2.843880
-103.865649 -613.531378 2.842954
-104.049663 -613.050711 2.846675
-104.225501 -612.598936 2.850378
-104.405334 -612.134201 2.846834
-104.561543 -611.742783 2.840597
-104.716959 -611.339883 2.829723
-104.836549 -611.001177 2.823101
-104.948570 -610.686932 2.824152
-105.065751 -610.372974 2.814384
-105.165950 -610.112444 2.809173
-105.249918 -609.873324 2.799490
-105.339026 -609.630315 2.801190
-105.418256 -609.430660 2.799514
-105.493717 -609.232935 2.786715
-105.575022 -609.022704 2.771215
-105.649235 -608.835780 2.766013
-105.728254 -608.630131 2.752741
-105.802075 -608.444176 2.743725
-105.875744 -608.262430 2.739194
-105.954060 -608.062144 2.728881
-106.027181 -607.879219 2.717759
-106.100420 -607.698428 2.707948
-106.179548 -607.496925 2.703083
-106.247366 -607.319399 2.701787
-106.320857 -607.127689 2.706137
-106.385508 -606.961780 2.709845
-106.452497 -606.799192 2.715825
-106.525397 -606.620578 2.715139
-106.587191 -606.461583 2.720326
-106.646376 -606.306871 2.725848
-106.708218 -606.144891 2.725679
-106.765566 -606.007041 2.720763
-106.827218 -605.863178 2.723202
-106.879844 -605.734529 2.728645
-106.928808 -605.607265 2.733097
-106.982861 -605.466341 2.733048
-107.035866 -605.343113 2.733028
-107.090227 -605.214558 2.726936
-107.150668 -605.076305 2.720265
-107.202957 -604.956547 2.720520
-107.252559 -604.840277 2.724161
-107.306614 -604.712802 2.729773
-107.356459 -604.596546 2.733918
-107.412749 -604.465316 2.732541
-107.464171 -604.339921 2.725396
-107.519058 -604.205070 2.714452
-107.582878 -604.046501 2.707202
-107.648149 -603.886044 2.700823
-107.722858 -603.703338 2.696536
-107.817960 -603.475314 2.694832
-107.914592 -603.242942 2.695524
-108.030060 -602.958303 2.695198
-108.145413 -602.672572 2.686388
-108.274685 -602.365041 2.670195
-108.430944 -602.001859 2.663619
-108.582337 -601.653121 2.663375
-108.744378 -601.276214 2.648378
-108.935604 -600.846919 2.641335
-109.125858 -600.437946 2.639799
-109.327522 -600.013786 2.633137
-109.567753 -599.527557 2.621551
-109.798017 -599.064174 2.617242
-110.062671 -598.535742 2.609337
-110.318829 -598.045474 2.602055
-110.595500 -597.544332 2.593064
-110.913435 -596.974504 2.584490
-111.211498 -596.445470 2.578721
-111.557574 -595.844264 2.569402
-111.880737 -595.283364 2.558219
-112.211326 -594.705430 2.545282
-112.588125 -594.054515 2.536150
-112.945677 -593.448638 2.530860
-113.311016 -592.831695 2.517971
-113.729062 -592.139060 2.509422
-114.112030 -591.491083 2.504242
-114.544715 -590.762055 2.511595
-114.953787 -590.090355 2.526848
-115.371867 -589.409213 2.543413
-115.840053 -588.644557 2.559757
-116.273663 -587.935734 2.566254
-116.722338 -587.215926 2.582562
-117.219269 -586.410043 2.590089
-117.683149 -585.672594 2.602111
-118.151061 -584.926427 2.611159
-118.674386 -584.104807 2.630496
-119.154474 -583.358067 2.640062
-119.685696 -582.539669 2.649709
-120.165398 -581.795124 2.658267
-120.647437 -581.053947 2.668763
-121.185630 -580.240078 2.684437
-121.669420 -579.497363 2.689973
-122.150330 -578.754054 2.698851
-122.677042 -577.933733 2.708834
-123.162616 -577.181905 2.718994
-123.699470 -576.352440 2.736163
-124.189597 -575.595072 2.743959
-124.675800 -574.834503 2.753905
-125.211462 -573.993058 2.765888
-125.695801 -573.223520 2.778841
-126.181357 -572.450534 2.790818
-126.716901 -571.596409 2.809699
-127.199296 -570.817864 2.822790
-127.730313 -569.956432 2.830028
-128.212940 -569.169706 2.842387
-128.696201 -568.382157 2.858912
-129.229397 -567.509630 2.885880
-129.717090 -566.714412 2.906312
-130.206215 -565.918114 2.922608
-130.746485 -565.037336 2.935981
-131.238964 -564.235521 2.957145
-131.782455 -563.351141 2.981793
-132.278665 -562.548113 2.999585
-132.773891 -561.747108 3.021206
-133.318875 -560.869823 3.048814
-133.818867 -560.076116 3.084320
-134.319333 -559.286636 3.117429
-134.869786 -558.418263 3.147035
-135.368257 -557.630801 3.163481
-135.867826 -556.847631 3.178721
-136.418241 -555.991029 3.195767
-136.915406 -555.216961 3.216500
-137.461033 -554.370542 3.234521
-137.958422 -553.607993 3.255588
-138.455045 -552.849266 3.278867
-139.000599 -552.019151 3.304608
-139.497622 -551.266119 3.330358
-139.992937 -550.518929 3.346937
-140.535887 -549.705991 3.367320
-141.025819 -548.967272 3.387377
-141.558094 -548.154997 3.407928
-142.035022 -547.417636 3.432120
-142.503939 -546.684803 3.452436
-143.015440 -545.890798 3.483118
-143.474131 -545.175561 3.511336
-143.927417 -544.470142 3.539142
-144.419604 -543.707454 3.567715
-144.853714 -543.028912 3.586150
-145.317330 -542.303972 3.619007
-145.727262 -541.659119 3.652073
-146.122196 -541.028036 3.685549
-146.537964 -540.352031 3.722234
-146.900531 -539.762693 3.750977
-147.253841 -539.199777 3.784647
-147.619685 -538.606704 3.818884
-147.937644 -538.090878 3.848049
-148.247725 -537.596294 3.883041
-148.574728 -537.075639 3.922186
-148.856600 -536.620587 3.962058
-149.158754 -536.140723 4.007380
-149.430485 -535.718055 4.037392
-149.694828 -535.305812 4.069495
-149.976668 -534.862117 4.103476
-150.225065 -534.467734 4.140094
-150.470393 -534.080234 4.173431
-150.731534 -533.664075 4.204786
-150.963651 -533.294874 4.227715
-151.209725 -532.894397 4.252904
-151.429055 -532.538468 4.274749
-151.643331 -532.190099 4.295815
-151.873869 -531.814712 4.318027
-152.077923 -531.485230 4.336772
-152.276289 -531.167503 4.359865
-152.483935 -530.830730 4.387644
-152.665206 -530.537322 4.423019
-152.862018 -530.223967 4.452291
-153.033624 -529.950436 4.483316
-153.196864 -529.682940 4.511349
-153.368544 -529.399727 4.543915
-153.521029 -529.149290 4.565432
-153.670678 -528.909637 4.583530
-153.831370 -528.661113 4.602926
-153.971067 -528.448057 4.619130
-154.114795 -528.229622 4.643711
-154.235146 -528.044745 4.665940
-154.347009 -527.866160 4.682157
-154.464224 -527.684100 4.700541
-154.567684 -527.526809 4.718343
-154.666403 -527.382512 4.736099
-154.770847 -527.233918 4.751794
-154.858690 -527.106549 4.761401
-154.940493 -526.986404 4.770976
-155.027992 -526.863094 4.780124
-155.101860 -526.759299 4.788233
-155.177101 -526.651054 4.797182
-155.240608 -526.559182 4.806450
-155.300113 -526.475859 4.817106
-155.363101 -526.390028 4.824772
-155.417513 -526.316089 4.833214
-155.466615 -526.242979 4.839491
-155.514253 -526.166843 4.847583
-155.556167 -526.105799 4.854484
-155.597962 -526.041653 4.858669
-155.632640 -525.984179 4.856628
-155.665748 -525.933467 4.860492
-155.698878 -525.881809 4.870521
-155.728567 -525.837423 4.877024
-155.757466 -525.795925 4.883176
-155.785947 -525.754261 4.887558
-155.809452 -525.719348 4.892916
-155.832427 -525.685847 4.898396
-155.852138 -525.658038 4.904547
-155.870091 -525.634682 4.909691
-155.887077 -525.613065 4.915277
-155.899871 -525.597582 4.918086
-155.910710 -525.584991 4.919978
-155.921035 -525.573840 4.921841
-155.928923 -525.564500 4.920239
-155.937115 -525.554089 4.916654
-155.944735 -525.544748 4.913313
-155.952689 -525.526039 4.904754
-155.962478 -525.505967 4.897096
-155.972947 -525.478460 4.886416
-155.986261 -525.451150 4.879277
-156.001841 -525.418426 4.873207
-156.018024 -525.390912 4.871515
-156.035894 -525.363624 4.871166
-156.059183 -525.329291 4.870832
-156.082466 -525.294962 4.871368
-156.112427 -525.253957 4.872515
-156.141641 -525.214443 4.875036
-156.173975 -525.169422 4.881493
-156.211360 -525.116630 4.888256
-156.248101 -525.061909 4.897461
-156.286163 -525.004959 4.906635
-156.332668 -524.938246 4.920006
-156.377491 -524.874079 4.932126
-156.429884 -524.798325 4.948122
-156.478872 -524.726175 4.961738
-156.529607 -524.650972 4.975781
-156.591471 -524.564247 4.993258
-156.648843 -524.483977 5.006340
-156.707586 -524.402688 5.023725
-156.771467 -524.308259 5.036411
-156.831991 -524.217719 5.050638
-156.894034 -524.126623 5.065308
-156.961263 -524.024599 5.084617
-157.021642 -523.930296 5.100645
-157.088350 -523.829448 5.122258
-157.148273 -523.742952 5.143687
-157.206089 -523.660757 5.162186
-157.268837 -523.574568 5.180334
-157.321648 -523.498312 5.192668
-157.372221 -523.426340 5.208099
-157.423349 -523.353768 5.223683
-157.467805 -523.293738 5.240991
-157.510554 -523.233986 5.253095