0.000000 0.000104 0.000060
-0.035382 -0.979946 -0.039407
-0.120237 -2.052769 -0.082125
-0.242613 -3.022610 -0.119524
-0.422094 -4.080921 -0.156398
-0.631421 -5.032837 -0.183063
-0.883444 -5.971753 -0.207859
-1.207795 -6.987851 -0.234487
-1.547984 -7.892776 -0.258590
-1.923526 -8.781940 -0.280708
-2.380800 -9.738596 -0.300050
-2.833768 -10.586364 -0.316547
-3.376623 -11.490584 -0.334066
-3.905360 -12.286510 -0.352256
-4.471504 -13.052836 -0.368852
-5.130519 -13.863581 -0.387439
-5.764328 -14.568841 -0.401663
-6.426943 -15.242204 -0.416901
-7.184799 -15.948963 -0.432902
-7.902923 -16.554490 -0.448896
-8.721166 -17.180917 -0.463181
-9.490238 -17.712433 -0.474116
-10.283024 -18.208807 -0.485952
-11.182521 -18.714019 -0.497361
-12.022967 -19.136791 -0.501522
-12.884034 -19.521314 -0.503401
-13.851319 -19.908916 -0.511202
-14.751180 -20.227346 -0.515706
-15.762053 -20.545888 -0.517624
-16.696448 -20.803171 -0.520641
-17.642751 -21.032594 -0.529174
-18.697321 -21.249762 -0.536205
-19.672923 -21.416177 -0.539023
-20.663604 -21.555048 -0.541224
-21.772253 -21.675142 -0.543891
-22.795174 -21.755993 -0.549182
-23.936226 -21.806916 -0.556488
-24.986744 -21.825055 -0.562794
-26.049041 -21.815398 -0.568993
-27.229523 -21.776013 -0.573995
-28.312183 -21.715659 -0.578218
-29.403918 -21.636746 -0.583831
-30.611314 -21.530240 -0.589093
-31.713969 -21.418982 -0.595125
-32.821566 -21.294109 -0.602790
-34.052137 -21.137894 -0.615819
-35.186829 -20.980434 -0.628810
-36.457257 -20.789353 -0.641321
-37.632509 -20.602913 -0.650712
-38.827198 -20.404625 -0.659316
-40.162540 -20.174259 -0.668098
-41.396076 -19.955510 -0.676780
-42.649881 -19.726994 -0.681899
-44.050905 -19.466062 -0.684555
-45.345526 -19.220609 -0.687249
-46.658309 -18.969367 -0.693475
-48.124439 -18.685086 -0.703465
-49.476150 -18.419907 -0.712546
-50.985752 -18.121364 -0.722521
-52.376809 -17.845652 -0.729733
-53.786445 -17.566518 -0.735512
-55.359466 -17.256378 -0.740224
-56.809836 -16.972617 -0.742639
-58.280176 -16.686728 -0.747413
-59.921218 -16.370968 -0.754126
-61.435032 -16.081321 -0.757100
-63.121137 -15.760568 -0.759511
-64.671863 -15.466175 -0.759091
-66.236543 -15.169349 -0.759159
-67.972187 -14.843256 -0.762999
-69.562446 -14.543977 -0.765816
-71.167684 -14.245601 -0.764681
-72.950159 -13.914554 -0.763006
-74.587817 -13.612613 -0.762391
-76.406674 -13.275924 -0.764892
-78.075217 -12.968906 -0.766666
-79.755893 -12.658586 -0.769097
-81.620064 -12.315883 -0.769906
-83.328726 -12.000497 -0.768424
-85.050120 -11.681603 -0.765913
-86.960019 -11.326455 -0.762108
-88.710322 -10.997774 -0.759957
-90.475760 -10.665129 -0.759623
-92.432628 -10.293003 -0.761481
-94.226154 -9.951170 -0.762857
-96.212090 -9.566438 -0.761895
-98.028619 -9.208938 -0.757024
-99.852434 -8.841589 -0.750635
-101.866848 -8.425339 -0.744273
-103.706629 -8.035108 -0.737703
-105.554028 -7.633886 -0.728005
-107.597841 -7.180226 -0.713237
-109.464417 -6.757871 -0.699124
-111.527124 -6.282083 -0.685609
-113.408715 -5.836583 -0.673191
-115.296890 -5.378868 -0.662016
-117.380189 -4.859002 -0.650411
-119.281922 -4.374857 -0.639056
-121.189365 -3.875204 -0.624267
-123.293991 -3.311457 -0.608270
-125.212538 -2.786639 -0.594750
-127.329923 -2.195502 -0.577908
-129.259336 -1.643177 -0.561787
-131.193960 -1.078721 -0.545965
-133.329151 -0.444890 -0.531620
-135.275829 0.140752 -0.518004
-137.229293 0.734629 -0.503642
-139.385711 1.396827 -0.488880
-141.353702 2.009400 -0.473062
-143.524414 2.696300 -0.454166
-145.504542 3.331946 -0.437267
-147.489023 3.979614 -0.419574
-149.678139 4.705675 -0.398195
-151.673143 5.378166 -0.377765
-153.672265 6.061977 -0.357893
-155.876952 6.828246 -0.336432
-157.885631 7.535060 -0.317691
-159.899206 8.252008 -0.298463
-162.119306 9.052253 -0.272870
-164.143147 9.790966 -0.247654
-166.374708 10.613936 -0.218408
-168.409141 11.371833 -0.191707
-170.447236 12.142523 -0.163564
-172.693899 13.003445 -0.133299
-174.741243 13.796696 -0.106821
-176.793766 14.598160 -0.081504
-179.057808 15.489283 -0.055500
-181.120723 16.307889 -0.031672
-183.189036 17.135301 -0.004924
-185.469147 18.057714 0.031004
-187.546355 18.906008 0.064838
-189.836196 19.851854 0.106828
-191.921988 20.723545 0.146817
-194.011009 21.604896 0.184700
-196.311466 22.586089 0.225238
-198.404817 23.488872 0.261676
-200.498901 24.400329 0.299961
-202.801381 25.414837 0.345836
-204.894796 26.346489 0.389436
-207.198375 27.386591 0.437964
-209.293716 28.339611 0.479869
-211.389735 29.300421 0.520208
-213.695822 30.363575 0.564545
-215.792369 31.337743 0.608453
-217.888803 32.317716 0.653848
-220.194459 33.403235 0.706673
-222.289487 34.396389 0.757209
-224.382690 35.396461 0.810544
-226.682464 36.506484 0.872369
-228.772119 37.521749 0.925496
-231.068336 38.644903 0.978072
-233.153850 39.672450 1.024568
-235.237225 40.707197 1.073710
-237.526484 41.853034 1.128061
-239.602757 42.902245 1.177247
-241.674045 43.958550 1.226959
-243.946142 45.128159 1.281506
-246.006616 46.198654 1.330515
-248.061186 47.279372 1.380285
-250.315897 48.478042 1.436783
-252.362460 49.576830 1.487300
-254.613186 50.793178 1.540439
-256.659120 51.908812 1.589535
-258.700931 53.031561 1.636937
-260.944963 54.280834 1.691034
-262.982501 55.423785 1.742218
-265.019773 56.577239 1.795224
-267.260750 57.858589 1.851966
-269.302452 59.036779 1.903482
-271.552229 60.347512 1.961083
-273.603491 61.550168 2.011331
-275.658478 62.763945 2.062561
-277.924030 64.113637 2.121204
-279.989555 65.350929 2.177429
-282.058908 66.600558 2.235262
-284.342117 67.990309 2.301667
-286.421604 69.266815 2.361741
-288.507029 70.555185 2.419434
-290.808503 71.980932 2.480356
-292.906598 73.289338 2.535787
-295.222120 74.741223 2.596127
-297.332687 76.072625 2.649236
-299.448748 77.413851 2.702100
-301.782573 78.900665 2.760916
-303.909788 80.264253 2.820888
-306.043196 81.637793 2.881666
-308.393600 83.165817 2.946047
-310.530776 84.572686 3.001246
-312.667285 85.999124 3.055109
-315.016966 87.585711 3.111978
-317.153647 89.046721 3.165807
-319.503011 90.669159 3.228160
-321.635479 92.154900 3.287510
-323.763374 93.652390 3.344579
-326.098260 95.311121 3.404265
-328.216636 96.829027 3.459462
-330.329250 98.358322 3.514139
-332.647063 100.055707 3.570672
-334.748752 101.609363 3.617839
-336.845017 103.174804 3.663450
-339.145616 104.910256 3.711678
-341.233737 106.497251 3.752419
-343.527757 108.249801 3.796586
-345.610011 109.851035 3.839628
-347.687611 111.461300 3.889010
-349.964003 113.243224 3.941161
-352.028294 114.870259 3.985491
-354.084905 116.507316 4.032650
-356.343108 118.316633 4.086240
-358.389253 119.968817 4.123227
-360.430476 121.626237 4.156474
-362.665031 123.458400 4.195673
-364.689892 125.131314 4.234030
-366.908056 126.979459 4.278041
-368.917553 128.665031 4.316275
-370.921771 130.352836 4.352898
-373.116600 132.211847 4.400523
-375.100357 133.911988 4.469188
-377.071864 135.624882 4.547436
-379.244846 137.511268 4.617564
-381.219185 139.225020 4.649766
-383.386146 141.113234 4.665143
-385.345529 142.835145 4.679040
-387.294808 144.565804 4.698468
-389.428545 146.475124 4.725227
-391.360471 148.218743 4.756684
-393.288219 149.966902 4.792719
-395.403961 151.892081 4.829828
-397.318301 153.650854 4.861207
-399.221895 155.419184 4.893279
-401.311746 157.369889 4.925976
-403.206208 159.146561 4.956246
-405.288492 161.104011 4.989459
-407.179132 162.883919 5.015241
-409.066905 164.668159 5.034118
-411.137830 166.631862 5.049604
-413.018553 168.418457 5.063467
-414.894967 170.208221 5.086331
-416.956027 172.177994 5.120499
-418.826377 173.971903 5.149258
-420.692070 175.767716 5.173920
-422.742303 177.744492 5.205484
-424.601946 179.545026 5.234736
-426.642662 181.523556 5.264131
-428.488440 183.318069 5.292544
-430.339975 185.114741 5.296930
-432.380708 187.081852 5.286572
-434.243750 188.864774 5.285386
-436.113186 190.649393 5.300678
-438.173393 192.607034 5.312373
-440.048257 194.381421 5.319308
-441.925835 196.147409 5.321871
-443.997466 198.082512 5.328496
-445.888967 199.832380 5.340509
-447.977501 201.750407 5.356454
-449.878430 203.488740 5.366221
-451.779415 205.226032 5.381863
-453.868799 207.137621 5.403854
-455.769019 208.873581 5.420363
-457.671588 210.605688 5.430271
-459.767734 212.504726 5.436138
-461.675010 214.228997 5.444519
-463.583324 215.951284 5.460260
-465.684736 217.844757 5.482382
-467.596956 219.564219 5.501112
-469.702749 221.450935 5.516334
-471.619722 223.162476 5.528523
-473.539028 224.872060 5.539971
-475.651998 226.750071 5.549658
-477.573994 228.455250 5.555626
-479.497266 230.159476 5.564835
-481.613812 232.035255 5.579920
-483.539695 233.738348 5.591905
-485.465164 235.440082 5.603567
-487.584693 237.309034 5.618901
-489.511274 239.009282 5.631400
-491.629824 240.880436 5.647479
-493.556346 242.583858 5.666843
-495.482723 244.286587 5.678241
-497.600657 246.160166 5.687296
-499.525152 247.862546 5.691933
-501.448747 249.565594 5.697041
-503.564724 251.440130 5.705987
-505.488706 253.143650 5.713946
-507.606021 255.017016 5.722218
-509.530793 256.719124 5.728298
-511.456288 258.421858 5.736132
-513.574202 260.294904 5.741181
-515.500173 261.997216 5.743642
-517.426333 263.698250 5.741768
-519.545464 265.569430 5.740740
-521.472691 267.270240 5.739413
-523.400830 268.969936 5.736682
-525.522434 270.839280 5.732095
-527.451864 272.538602 5.729773
-529.381316 274.239128 5.728625
-531.503796 276.110033 5.723348
-533.433649 277.810624 5.714370
-535.555561 279.681668 5.700896
-537.483730 281.383734 5.693305
-539.412158 283.086381 5.693006
-541.533641 284.960688 5.694894
-543.461699 286.665171 5.689298
-545.389161 288.369471 5.678315
-547.510033 290.244774 5.666269
-549.438356 291.950386 5.658243
-551.560064 293.827123 5.651108
-553.489327 295.533543 5.644682
-555.419090 297.239441 5.634548
-557.542085 299.114764 5.620146
-559.471986 300.820575 5.606789
-561.402424 302.525445 5.592654
-563.526377 304.399298 5.572785
-565.458307 306.101133 5.554406
-567.582227 307.970906 5.532178
-569.511102 309.669677 5.515826
-571.439389 311.367268 5.501670
-573.561938 313.232524 5.487373
-575.492929 314.925280 5.473368
-577.616375 316.785700 5.455758
-579.547057 318.472720 5.441797
-581.478658 320.158495 5.428376
-583.411341 321.841971 5.414260
-585.539372 323.691670 5.395181
-587.475534 325.372603 5.378278
-589.607264 327.219928 5.357975
-591.545362 328.899089 5.340665
-593.483613 330.579519 5.325170
-595.615174 332.428720 5.306260
-597.553725 334.109994 5.284827
-599.492420 335.792335 5.262638
-601.623913 337.643191 5.240840
-603.560747 339.325577 5.225080
-605.693216 341.176382 5.213160
-607.632438 342.857911 5.203578
-609.573010 344.539248 5.189402
-611.708038 346.388891 5.170001
-613.649358 348.070558 5.150566
-615.591268 349.751884 5.131511
-617.727701 351.601159 5.113007
-619.670317 353.281673 5.096575
-621.612267 354.959744 5.078051
-623.747705 356.806120 5.057766
-625.688411 358.482927 5.037508
-627.824613 360.326624 5.019670
-629.766393 362.002535 5.004072
-631.707776 363.677441 4.984986
-633.843647 365.517413 4.962437
-635.785965 367.188066 4.945432
-637.729385 368.856542 4.931829
-639.867191 370.690275 4.916868
-641.810519 372.356814 4.899959
-643.949759 374.187205 4.878526
-645.895398 375.850931 4.858487
-647.842094 377.512794 4.837684
-649.984089 379.340122 4.815515
-651.932451 381.001616 4.796914
-653.881580 382.662569 4.780556
-656.026935 384.487816 4.762823
-657.978258 386.147356 4.746440
-659.930523 387.807056 4.730963
-662.077625 389.633966 4.712937
-664.028691 391.296333 4.697313
-666.174786 393.127228 4.682351
-668.125001 394.792707 4.667991
-670.074226 396.459012 4.651021
-672.218731 398.292703 4.630883
-674.167076 399.959203 4.612011
-676.114436 401.627614 4.595152
-678.256358 403.464087 4.579680
-680.204845 405.133018 4.566786
-682.349434 406.968425 4.554134
-684.300004 408.634521 4.540903
-686.249427 410.300489 4.524176
-688.394917 412.131982 4.505982
-690.345423 413.795148 4.492541
-692.296642 415.459126 4.480762
-694.443655 417.288437 4.469629
-696.395995 418.950714 4.455018
-698.349427 420.607952 4.435409
-700.497740 422.425899 4.408396
-702.450637 424.076002 4.383559
-704.596730 425.888111 4.358139
-706.550473 427.533861 4.333567
-708.506403 429.178410 4.308826
-710.659322 430.985089 4.282784
-712.620943 432.627591 4.268012
-714.583994 434.266310 4.236866
-716.743122 436.066467 4.211202
-718.703472 437.702896 4.191171
-720.666894 439.339412 4.177539
-722.826926 441.138616 4.166551
-724.794191 442.772616 4.159951
-726.957278 444.568657 4.149639
-728.924802 446.200889 4.136834
-730.891700 447.833993 4.125555
-733.055134 449.633402 4.126569
-735.021394 451.269036 4.119834
-736.988140 452.902994 4.106903
-739.153605 454.698934 4.092784
-741.124648 456.328994 4.090616
-743.295312 458.121484 4.093752
-745.269685 459.749995 4.106322
-747.247049 461.376189 4.117822
-749.423685 463.163020 4.123472
-751.404713 464.785202 4.124365
-753.387865 466.406138 4.126500
-755.570708 468.186898 4.132925
-757.556916 469.803468 4.135676
-759.544267 471.419028 4.139021
-761.732092 473.193416 4.143115
-763.721400 474.805019 4.149083
-765.911391 476.576270 4.153274
-767.901852 478.184130 4.154936
-769.891344 479.790942 4.153821
-772.077806 481.558332 4.154553
-774.063465 483.165664 4.157952
-776.047035 484.772782 4.161923
-778.225845 486.541492 4.168145
-780.204124 488.150365 4.173496
-782.179562 489.758764 4.176900
-784.350382 491.527306 4.176925
-786.321758 493.134446 4.176230
-788.488888 494.901505 4.181106
-790.458996 496.507980 4.191899
-792.429120 498.114601 4.204881
-794.597279 499.880955 4.217001
-796.568937 501.485977 4.225274
-798.542103 503.090517 4.231699
-800.714857 504.854137 4.238657
-802.692477 506.455217 4.243035
-804.672996 508.054052 4.246481
-806.855075 509.810263 4.250460
-808.842199 511.405219 4.252965
-811.031954 513.156711 4.253752
-813.027195 514.747092 4.251570
-815.024704 516.334929 4.246678
-817.225728 518.081351 4.242257
-819.228673 519.668340 4.238896
-821.234680 521.254827 4.234519
-823.444436 523.000034 4.228980
-825.455330 524.586793 4.224310
-827.669444 526.332727 4.212649
-829.682539 527.921196 4.199775
-831.696914 529.511737 4.188830
-833.912873 531.261747 4.180720
-835.931202 532.852655 4.172359
-837.949332 534.443523 4.162005
-840.171029 536.193979 4.153570
-842.192057 537.785469 4.148043
-844.213398 539.378384 4.142538
-846.438175 541.129059 4.132291
-848.460126 542.719381 4.119147
-850.683629 544.465249 4.101475
-852.702416 546.051148 4.085194
-854.719927 547.636444 4.071444
-856.939113 549.375645 4.057768
-858.958883 550.953937 4.045741
-860.978752 552.526219 4.032462
-863.200531 554.249113 4.015785
-865.219939 555.808279 3.998279
-867.441315 557.517916 3.975703
-869.458933 559.065945 3.955350
-871.476130 560.608368 3.935446
-873.693355 562.299691 3.913281
-875.707834 563.833135 3.893049
-877.722103 565.361553 3.873266
-879.937306 567.038688 3.851916
-881.950192 568.559374 3.827768
-883.963250 570.076796 3.800834
-886.179112 571.741333 3.768174
-888.192376 573.251062 3.738806
-890.405843 574.909023 3.708884
-892.416600 576.413364 3.681223
-894.426508 577.916674 3.654484
-896.636495 579.568266 3.626703
-898.649352 581.072930 3.606272
-900.666219 582.569122 3.583581
-902.882957 584.210648 3.539958
-904.897848 585.699541 3.500902
-906.908945 587.187995 3.484298
-909.124671 588.828128 3.474646
-911.138966 590.317414 3.451974
-913.151641 591.807597 3.414286
-915.365492 593.445477 3.366576
-917.377524 594.936134 3.324766
-919.594216 596.574641 3.281478
-921.610134 598.063753 3.239392
-923.628790 599.550159 3.195183
-925.848755 601.185853 3.144354
-927.869347 602.672142 3.101524
-929.893694 604.158478 3.061714
-932.123579 605.791403 3.016648
-934.152096 607.272089 2.972670
-936.386879 608.898856 2.926624
-938.421337 610.376135 2.886237
-940.456136 611.852301 2.847176
-942.696655 613.474922 2.802615
-944.735710 614.948382 2.757113
-946.775844 616.420258 2.701592
-949.019720 618.035630 2.630226
-951.059711 619.504620 2.567326
-953.099488 620.975034 2.510993
-955.343993 622.592178 2.453661
-957.385893 624.061172 2.400432
-959.633219 625.674824 2.340481
-961.676668 627.141723 2.283686
-963.719430 628.610981 2.230629
-965.966472 630.229962 2.176526
-968.009210 631.703145 2.124695
-970.052788 633.175873 2.071130
-972.301868 634.794219 2.015154
-974.346733 636.263869 1.964312
-976.595880 637.878207 1.907586
-978.640181 639.343700 1.857131
-980.684016 640.807245 1.810787
-982.931936 642.414079 1.762375
-984.975207 643.872463 1.717480
-987.018179 645.328356 1.667647
-989.264619 646.926185 1.607202
-991.304907 648.376213 1.550288
-993.343739 649.823833 1.497135
-995.584827 651.415695 1.442875
-997.619361 652.862301 1.393185
-999.855262 654.450843 1.338885
-1001.885645 655.892684 1.293192
-1003.913975 657.331771 1.248849
-1006.141306 658.911860 1.198775
-1008.163686 660.345303 1.153561
-1010.185880 661.775496 1.106424
-1012.409730 663.342934 1.049986
-1014.431988 664.761976 0.998065
-1016.453322 666.177239 0.944457
-1018.676007 667.732378 0.889512
-1020.696026 669.145283 0.844898
-1022.918033 670.698820 0.798733
-1024.937738 672.107539 0.752385
-1026.957855 673.512459 0.703412
-1029.180249 675.053126 0.648204
-1031.202223 676.447556 0.602702
-1033.225187 677.840485 0.562409
-1035.452246 679.373940 0.519893
-1037.476581 680.766632 0.473487
-1039.705985 682.292768 0.410439
-1041.733598 683.673360 0.349498
-1043.761996 685.051695 0.289380
-1045.992273 686.569077 0.228816
-1048.019611 687.947575 0.176715
-1050.046128 689.325234 0.128611
-1052.274242 690.841125 0.078969
-1054.299524 692.220267 0.035967
-1056.324648 693.600594 -0.005304
-1058.554489 695.115598 -0.055521
-1060.581313 696.490324 -0.107299
-1062.607774 697.864116 -0.158667
-1064.836384 699.375776 -0.207299
-1066.863605 700.747778 -0.243677
-1069.097643 702.253969 -0.280707
-1071.129513 703.617391 -0.323693
-1073.165816 704.977775 -0.363614
-1075.408053 706.474920 -0.419539
-1077.445352 707.836058 -0.479565
-1079.481004 709.196546 -0.541965
-1081.721373 710.687308 -0.603080
-1083.761209 712.039317 -0.648643
-1086.006326 713.524611 -0.699308
-1088.049160 714.874698 -0.748696
-1090.092273 716.219410 -0.797214
-1092.342796 717.696987 -0.852841
-1094.388369 719.035641 -0.905688
-1096.438814 720.375236 -0.958887
-1098.699154 721.849183 -1.014823
-1100.756504 723.191245 -1.067866
-1102.815947 724.531606 -1.121603
-1105.082026 726.002376 -1.181282
-1107.144870 727.338547 -1.232504
-1109.420124 728.807290 -1.284764
-1111.491008 730.141424 -1.329435
-1113.565378 731.475381 -1.371575
-1115.849021 732.940282 -1.416820
-1117.929489 734.272277 -1.458535
-1120.013062 735.603775 -1.504113
-1122.307278 737.066341 -1.554512
-1124.395085 738.395113 -1.602312
-1126.693940 739.855351 -1.654682
-1128.784970 741.183843 -1.701058
-1130.876913 742.513647 -1.750098
-1133.180286 743.976248 -1.807554
-1135.276787 745.308044 -1.856132
-1137.373988 746.636910 -1.907594
-1139.681775 748.103946 -1.965314
-1141.783284 749.436612 -2.012362
-1143.886164 750.774101 -2.059534
-1146.202090 752.246773 -2.116878
-1148.308329 753.588807 -2.171438
-1150.628329 755.064956 -2.225398
-1152.742135 756.407942 -2.267099
-1154.860388 757.752941 -2.309366
-1157.194051 759.235944 -2.363950
-1159.318363 760.584109 -2.422533
-1161.444982 761.933101 -2.484436
-1163.790498 763.419471 -2.553965
-1165.924697 764.771391 -2.613239
-1168.063327 766.126579 -2.669151
-1170.420039 767.618936 -2.729172
-1172.566240 768.975299 -2.784287
-1174.929553 770.466654 -2.842168
-1177.082054 771.820951 -2.890869
-1179.237599 773.173191 -2.938466
-1181.611073 774.660948 -2.991018
-1183.772932 776.012917 -3.040075
-1185.936589 777.362565 -3.089400
-1188.320298 778.846358 -3.146863
-1190.490017 780.196457 -3.195650
-1192.662428 781.547637 -3.246590
-1195.056942 783.034997 -3.299573
-1197.239305 784.382289 -3.345733
-1199.643777 785.860598 -3.391547
-1201.835329 787.203692 -3.430455
-1204.029756 788.542285 -3.468631
-1206.449293 790.014216 -3.513329
-1208.654180 791.349570 -3.559139
-1210.862072 792.684822 -3.604225
-1213.295700 794.151871 -3.648173
-1215.511317 795.487044 -3.683757
-1217.730862 796.821810 -3.716321
-1220.176124 798.290196 -3.752463
-1222.403372 799.625446 -3.786069
-1224.634617 800.960065 -3.821705
-1227.093529 802.428134 -3.864560
-1229.332558 803.763630 -3.905770
-1231.799933 805.233364 -3.954153
-1234.046196 806.569647 -4.002622
-1236.295853 807.904681 -4.051802
-1238.774589 809.372226 -4.098657
-1241.031633 810.705851 -4.128187
-1243.293530 812.039738 -4.140134
-1245.786524 813.507393 -4.149382
-1248.055746 814.840732 -4.166261
-1250.556267 816.306297 -4.188994
-1252.831122 817.637998 -4.213933
-1255.107597 818.969463 -4.240864
-1257.613409 820.433681 -4.271613
-1259.892736 821.763471 -4.299440
-1262.173229 823.091835 -4.325017
-1264.682531 824.551938 -4.349513
-1266.964366 825.877365 -4.367257
-1269.247512 827.202185 -4.381500
-1271.759983 828.657325 -4.399958
-1274.045015 829.978036 -4.418247
-1276.558706 831.429274 -4.436730
-1278.843508 832.747384 -4.454128
-1281.128261 834.063771 -4.469383
-1283.643198 835.509719 -4.481445
-1285.930227 836.822609 -4.488036
-1288.218189 838.133455 -4.492239
-1290.735101 839.574234 -4.497377
-1293.022997 840.882486 -4.508053
-1295.314629 842.185419 -4.534385
-1297.833464 843.612710 -4.554028
-1300.131220 844.920354 -4.584232
-1302.657134 846.345557 -4.589109
-1304.950517 847.646643 -4.583509
-1307.244328 848.945801 -4.573043
-1309.768278 850.373018 -4.554386
-1312.061178 851.667462 -4.539168
-1314.354857 852.959988 -4.526301
-1316.879318 854.381311 -4.520236
-1319.175876 855.673229 -4.510942
-1321.472671 856.964436 -4.502488
-1323.998928 858.383631 -4.489049
-1326.294439 859.671303 -4.473090
-1328.589309 860.956868 -4.456284
-1331.112698 862.369878 -4.439514
-1333.404099 863.651115 -4.427729
-1335.922300 865.055219 -4.415338
-1338.209549 866.329668 -4.403706
-1340.496028 867.602942 -4.391023
-1343.008328 868.999426 -4.377275
-1345.290567 870.266021 -4.366576
-1347.571855 871.529949 -4.355312
-1350.081400 872.917987 -4.340941
-1352.363829 874.178371 -4.325055
-1354.646844 875.435943 -4.306905
-1357.159643 876.815980 -4.282619
-1359.444519 878.068170 -4.257795
-1361.959304 879.443830 -4.225912
-1364.246589 880.691997 -4.196123
-1366.534698 881.938374 -4.164619
-1369.050404 883.306307 -4.132449
-1371.338368 884.547143 -4.101450
-1373.624785 885.786956 -4.072847
-1376.138347 887.146891 -4.041701
-1378.421900 888.379637 -4.010688
-1380.931602 889.732688 -3.976346
-1383.210614 890.958516 -3.944189
-1385.487404 892.180600 -3.910429
-1387.989514 893.521585 -3.871662
-1390.263693 894.738031 -3.832578
-1392.539113 895.952998 -3.790032
-1395.042720 897.284005 -3.745889
-1397.318478 898.494384 -3.707128
-1399.824097 899.821969 -3.665330
-1402.101660 901.029582 -3.626846
-1404.378862 902.234354 -3.583884
-1406.884193 903.558287 -3.529240
-1409.161027 904.759362 -3.476545
-1411.438084 905.958353 -3.423301
-1413.941275 907.275214 -3.370521
-1416.214975 908.469095 -3.323465
-1418.487631 909.662514 -3.275838
-1420.986356 910.969668 -3.223044
-1423.256100 912.154371 -3.174159
-1425.752538 913.452953 -3.118405
-1428.019330 914.630548 -3.068856
-1430.283710 915.805521 -3.019833
-1432.770707 917.094851 -2.965270
-1435.026168 918.263813 -2.917689
-1437.281152 919.429919 -2.861960
-1439.759957 920.710203 -2.794595
-1442.012026 921.870833 -2.736799
-1444.259825 923.028696 -2.675623
-1446.728677 924.297521 -2.606167
-1448.969978 925.446755 -2.542129
-1451.430408 926.705520 -2.482926
-1453.662505 927.846828 -2.432780
-1455.891559 928.985182 -2.390241
-1458.339309 930.235336 -2.345106
-1460.559382 931.368439 -2.302153
-1462.774779 932.498499 -2.261855
-1465.206609 933.738977 -2.218748
-1467.412839 934.863781 -2.180708
-1469.834674 936.097651 -2.147365
-1472.032182 937.216917 -2.114817
-1474.225865 938.334117 -2.078400
-1476.636624 939.559098 -2.033163
-1478.825156 940.669059 -1.992321
-1481.012174 941.777308 -1.954776
-1483.413016 942.992172 -1.920180
-1485.594093 944.093714 -1.885129
-1487.772941 945.192653 -1.849521
-1490.167580 946.397454 -1.804566
-1492.342198 947.489447 -1.766158
-1494.730910 948.688863 -1.734180
-1496.900411 949.775758 -1.704111
-1499.066218 950.858950 -1.673698
-1501.444452 952.046626 -1.639987
-1503.603524 953.123941 -1.605339
-1505.760482 954.196629 -1.562710
-1508.130787 955.374032 -1.520950
-1510.282800 956.440791 -1.487591
-1512.431386 957.503900 -1.463196
-1514.789696 958.668973 -1.438273
-1516.929565 959.724841 -1.409886
-1519.065398 960.777403 -1.377418
-1521.411491 961.931539 -1.338203
-1523.540612 962.976491 -1.303322
-1525.878895 964.120736 -1.267768
-1527.999779 965.159001 -1.238113
-1530.116776 966.195746 -1.210959
-1532.439480 967.336593 -1.185360
-1534.546060 968.373769 -1.163593
-1536.648510 969.411040 -1.141139
-1538.957232 970.552308 -1.114494
-1541.052900 971.590001 -1.091780
-1543.354860 972.732813 -1.065433
-1545.444262 973.772202 -1.043690
-1547.530477 974.811496 -1.023617
-1549.822842 975.955314 -0.998430
-1551.905268 976.995955 -0.973819
-1553.984327 978.036361 -0.949498
-1556.267442 979.182116 -0.921405
-1558.338106 980.224791 -0.897778
-1560.403202 981.269916 -0.875791
-1562.670468 982.424404 -0.852529
-1564.723603 983.477036 -0.832754
-1566.974894 984.639389 -0.811749
-1569.013534 985.698891 -0.792432
-1571.047537 986.761066 -0.771360
-1573.275578 987.932916 -0.748805
-1575.293764 989.003166 -0.725321
-1577.303145 990.077604 -0.703980
-1579.505648 991.263511 -0.684269
-1581.501272 992.344756 -0.668536
-1583.689150 993.536288 -0.652196
-1585.670945 994.621080 -0.637278
-1587.645851 995.708548 -0.621359
-1589.809923 996.907303 -0.606444
-1591.770012 997.998276 -0.591516
-1593.724497 999.088893 -0.575825
-1595.868288 1000.284935 -0.557413
-1597.812147 1001.371966 -0.537424
-1599.749954 1002.456356 -0.515237
-1601.875963 1003.648852 -0.487881
-1603.801338 1004.730605 -0.462511
-1605.914070 1005.918850 -0.432291
-1607.829201 1006.995686 -0.407720
-1609.738325 1008.070714 -0.386230
-1611.833121 1009.252020 -0.360433
-1613.733793 1010.320909 -0.339300
-1615.630548 1011.386288 -0.318319
-1617.713625 1012.552539 -0.299165
-1619.604448 1013.606256 -0.293151
-1621.491620 1014.653290 -0.293002
-1623.563576 1015.797883 -0.294397
-1625.444292 1016.831893 -0.289212
-1627.512154 1017.963764 -0.267458
-1629.394525 1018.986244 -0.241306
-1631.276820 1020.001239 -0.226606
-1633.349002 1021.107672 -0.216403
-1635.234055 1022.106772 -0.210247
-1637.118441 1023.099970 -0.207181
-1639.190494 1024.187600 -0.201089
-1641.074949 1025.172598 -0.193949
-1643.147809 1026.249435 -0.193549
-1645.032044 1027.222754 -0.194412
-1646.914774 1028.192610 -0.194756
-1648.983703 1029.257465 -0.191929
-1650.861966 1030.223440 -0.188152
-1652.737421 1031.188439 -0.184635
-1654.797457 1032.248044 -0.182914
-1656.666666 1033.209311 -0.182051
-1658.532635 1034.168159 -0.181195
-1660.581296 1035.221052 -0.179327
-1662.440438 1036.177015 -0.174823
-1664.482283 1037.227143 -0.170445
-1666.335812 1038.179657 -0.168832
-1668.186725 1039.128791 -0.170980
-1670.219802 1040.169726 -0.172780
-1672.065489 1041.113094 -0.176621
-1673.909525 1042.053493 -0.181469
-1675.935081 1043.084444 -0.187768
-1677.773666 1044.019470 -0.196491
-1679.609643 1044.949741 -0.203817
-1681.628675 1045.967497 -0.204248
-1683.463842 1046.887508 -0.201456
-1685.481392 1047.893876 -0.207052
-1687.314257 1048.803873 -0.217901
-1689.145199 1049.710192 -0.229162
-1691.156184 1050.702180 -0.244917
-1692.980620 1051.599063 -0.260601
-1694.802470 1052.491411 -0.272515
-1696.800669 1053.466105 -0.286344
-1698.608060 1054.348722 -0.301337
-1700.588384 1055.312205 -0.312864
-1702.380250 1056.182558 -0.322061
-1704.160238 1057.047132 -0.329583
-1706.105420 1057.991298 -0.335859
-1707.863840 1058.844083 -0.344832
-1709.616682 1059.693631 -0.359145
-1711.537938 1060.624203 -0.376995
-1713.280629 1061.457089 -0.412200
-1715.186627 1062.368269 -0.437659
-1716.912583 1063.201372 -0.451025
-1718.627045 1064.033845 -0.457576
-1720.507028 1064.935485 -0.468219
-1722.212908 1065.757491 -0.481222
-1723.910438 1066.581866 -0.497923
-1725.767662 1067.489505 -0.520976
-1727.441695 1068.312460 -0.541807
-1729.273446 1069.216974 -0.572018
-1730.922592 1070.032169 -0.589012
-1732.559008 1070.846735 -0.610146
-1734.342426 1071.737106 -0.632500
-1735.949398 1072.542875 -0.650712
-1737.541841 1073.345054 -0.668621
-1739.278143 1074.223378 -0.689467
-1740.845222 1075.020219 -0.708773
-1742.399429 1075.813134 -0.727534
-1744.094040 1076.682547 -0.747332
-1745.617486 1077.469278 -0.765543
-1747.274152 1078.331863 -0.785772
-1748.761832 1079.110939 -0.803927
-1750.232366 1079.885075 -0.822290
-1751.831593 1080.733684 -0.842251
-1753.266276 1081.504661 -0.860331
-1754.683835 1082.276447 -0.880031
-1756.221890 1083.127929 -0.902823
-1757.601807 1083.904510 -0.923460
-1759.095639 1084.764865 -0.946509
-1760.432309 1085.555321 -0.966093
-1761.747860 1086.358012 -0.984316
-1763.171120 1087.256333 -1.003950
-1764.442859 1088.089411 -1.021625
-1765.693130 1088.938070 -1.039960
-1767.044142 1089.890800 -1.062202
-1768.251265 1090.773911 -1.083111
-1769.556174 1091.764399 -1.106736
-1770.719963 1092.684535 -1.128746
-1771.862226 1093.624529 -1.148412
-1773.091002 1094.683792 -1.174310
-1774.186131 1095.667801 -1.200166
-1775.257648 1096.674338 -1.227057
-1776.410640 1097.804709 -1.257663
-1777.431409 1098.858875 -1.285701
-1778.525123 1100.042582 -1.313530
-1779.490268 1101.144667 -1.337999
-1780.426903 1102.268840 -1.364280
-1781.424448 1103.529772 -1.397598
-1782.297797 1104.698131 -1.433124
-1783.140953 1105.885305 -1.472131
-1784.030533 1107.216507 -1.511498
-1784.807179 1108.446360 -1.544125
-1785.622929 1109.821611 -1.578253
-1786.330894 1111.090866 -1.608510
-1787.003955 1112.378056 -1.641318
-1787.702728 1113.812919 -1.680353
-1788.298938 1115.134537 -1.715457
-1788.857171 1116.472432 -1.748898
-1789.430728 1117.961423 -1.783706
-1789.911700 1119.328197 -1.816719
-1790.398744 1120.844466 -1.856192
-1790.799851 1122.233667 -1.894497
-1791.163264 1123.632592 -1.931688
-1791.517055 1125.183409 -1.970658
-1791.800508 1126.600292 -2.008082
-1792.045375 1128.025513 -2.046466
-1792.271500 1129.599735 -2.089579
-1792.438226 1131.036454 -2.130163
-1792.566157 1132.477201 -2.171341
-1792.663778 1134.066781 -2.215467
-1792.712248 1135.514444 -2.255136
-1792.724475 1137.109014 -2.298111
-1792.696522 1138.558975 -2.337028
-1792.634782 1140.009903 -2.378156
-1792.523884 1141.606800 -2.425728
-1792.386980 1143.058425 -2.468964
-1792.212961 1144.508072 -2.511649
-1791.978978 1146.100411 -2.553823
-1791.727166 1147.545148 -2.589054
-1791.406132 1149.128293 -2.627595
-1791.073248 1150.562160 -2.662284
-1790.701731 1151.987118 -2.701583
-1790.250222 1153.545018 -2.748568
-1789.796817 1154.949722 -2.789673
-1789.305245 1156.344156 -2.828088
-1788.718768 1157.864311 -2.870802
-1788.147619 1159.233382 -2.910694
-1787.534657 1160.573310 -2.944335
-1786.813406 1162.036993 -2.972751
-1786.112450 1163.342974 -2.996559
-1785.296137 1164.752416 -3.034491
-1784.519908 1166.021522 -3.048407
-1783.709996 1167.267752 -3.070504
-1782.778621 1168.610551 -3.094714
-1781.896833 1169.804182 -3.121779
-1780.983664 1170.971920 -3.152020
-1779.939148 1172.224184 -3.184865
-1778.958831 1173.333646 -3.217465
-1777.842411 1174.519526 -3.251896
-1776.796609 1175.567845 -3.284833
-1775.719681 1176.585362 -3.319504
-1774.501795 1177.669335 -3.361923
-1773.362498 1178.620313 -3.399274
-1772.194045 1179.539357 -3.436755
-1770.876687 1180.514628 -3.475168
-1769.650273 1181.366504 -3.509921
-1768.272444 1182.267677 -3.548716
-1766.993366 1183.050960 -3.586525
-1765.691687 1183.802392 -3.626229
-1764.231478 1184.588469 -3.669185
-1762.881967 1185.269514 -3.708474
-1761.509967 1185.917204 -3.748141
-1759.978032 1186.593004 -3.792530
-1758.565581 1187.174313 -3.833738
-1757.134497 1187.724892 -3.873502
-1755.540079 1188.296143 -3.920831
-1754.073497 1188.780330 -3.966836
-1752.441305 1189.277573 -4.016340
-1750.942247 1189.696604 -4.059433
-1749.429362 1190.088475 -4.103114
-1747.749518 1190.487685 -4.152251
-1746.210569 1190.825079 -4.198219
-1744.660262 1191.138285 -4.244355
-1742.943381 1191.458588 -4.294438
-1741.371293 1191.727985 -4.336785
-1739.788777 1191.978751 -4.379346
-1738.038283 1192.233994 -4.426365
-1736.436701 1192.448498 -4.470747
-1734.664811 1192.665726 -4.519195
-1733.044894 1192.846289 -4.563017
-1731.417689 1193.013643 -4.608735
-1729.621175 1193.185019 -4.662266
-1727.984064 1193.332507 -4.710320
-1726.343599 1193.472438 -4.757938
-1724.537713 1193.616864 -4.810814
-1722.894719 1193.739178 -4.858787
-1721.251229 1193.854251 -4.906477
-1719.440969 1193.974103 -4.960455
-1717.795975 1194.076827 -5.009280
-1715.984895 1194.184975 -5.063242
-1714.337002 1194.279643 -5.111241
-1712.688811 1194.371891 -5.158645
-1710.872926 1194.471336 -5.210950
-1709.221749 1194.559406 -5.258361
-1707.571294 1194.644479 -5.305169
-1705.751998 1194.737074 -5.359991
-1704.098585 1194.819503 -5.410514
-1702.279839 1194.908204 -5.467946
-1700.625312 1194.987125 -5.521345
-1698.972308 1195.063650 -5.573677
-1697.157926 1195.145675 -5.628607
-1695.515268 1195.217934 -5.678241
-1693.878240 1195.288546 -5.728640
-1692.086211 1195.364770 -5.784706
-1690.464577 1195.430540 -5.833414
-1688.847279 1195.494173 -5.878333
-1687.075094 1195.559880 -5.924660
-1685.469112 1195.616917 -5.963813
-1683.710169 1195.675692 -6.007016
-1682.121656 1195.723751 -6.045425
-1680.542511 1195.764281 -6.084606
-1678.816648 1195.797649 -6.126288
-1677.259901 1195.814323 -6.164297
-1675.713264 1195.817335 -6.201237
-1674.026362 1195.803722 -6.239924
-1672.505155 1195.775224 -6.275745
-1670.847190 1195.721974 -6.315676
-1669.351832 1195.652273 -6.351954
-1667.872204 1195.557889 -6.387751
-1666.261437 1195.424816 -6.424515
-1664.811796 1195.276052 -6.455634
-1663.374478 1195.099648 -6.484767
-1661.811163 1194.872025 -6.514408
-1660.404688 1194.632631 -6.542700
-1658.861824 1194.319309 -6.580204
-1657.456881 1193.983543 -6.613468
-1656.066952 1193.641326 -6.628729
-1654.552726 1193.221602 -6.639893
-1653.189233 1192.803689 -6.643170
-1651.830499 1192.342952 -6.636004
-1650.368567 1191.788274 -6.631677
-1649.049340 1191.244128 -6.607103
-1647.629500 1190.601183 -6.599246
-1646.357037 1189.974152 -6.587289
-1645.115266 1189.305739 -6.588469
-1643.777004 1188.523354 -6.588360
-1642.593017 1187.767391 -6.590196
-1641.437067 1186.974180 -6.594771
-1640.199513 1186.056290 -6.599173
-1639.107194 1185.184484 -6.606604
-1637.942837 1184.182630 -6.614992
-1636.920658 1183.236667 -6.628226
-1635.933179 1182.255615 -6.640426
-1634.891370 1181.137982 -6.654730
-1633.982711 1180.087940 -6.662940
-1633.112633 1179.007934 -6.671505
-1632.198449 1177.787100 -6.678652
-1631.409865 1176.647992 -6.685534
-1630.587016 1175.365471 -6.692190
-1629.882199 1174.172698 -6.696780
-1629.214771 1172.955961 -6.697812
-1628.525971 1171.590399 -6.693838
-1627.937468 1170.330274 -6.693655
-1627.387905 1169.051711 -6.695821
-1626.825583 1167.625968 -6.696423
-1626.354463 1166.312506 -6.697451
-1625.919671 1164.983002 -6.693115
-1625.483621 1163.502974 -6.686042
-1625.130065 1162.143632 -6.684293
-1624.787992 1160.638232 -6.691607
-1624.526814 1159.258981 -6.697355
-1624.310660 1157.867797 -6.685450
-1624.129530 1156.324511 -6.658429
-1624.010926 1154.914324 -6.637910
-1623.938882 1153.500026 -6.627862
-1623.909693 1151.940577 -6.624231
-1623.933382 1150.521073 -6.618868
-1624.011351 1148.957377 -6.606338
-1624.132559 1147.538168 -6.588268
-1624.298011 1146.122087 -6.565617
-1624.532571 1144.570865 -6.537352
-1624.793990 1143.166291 -6.512485
-1625.099035 1141.763921 -6.490926
-1625.490752 1140.228410 -6.466207
-1625.892855 1138.837933 -6.442539
-1626.386221 1137.315477 -6.417025
-1626.876743 1135.938067 -6.394688
-1627.407144 1134.567851 -6.373781
-1628.032638 1133.070192 -6.355592
-1628.638389 1131.717717 -6.339233
-1629.275593 1130.370105 -6.320716
-1630.012892 1128.899608 -6.296679
-1630.710369 1127.565539 -6.273588
-1631.430730 1126.234185 -6.252197
-1632.251732 1124.777243 -6.236356
-1633.021290 1123.456403 -6.223289
-1633.896033 1122.010882 -6.206694
-1634.711303 1120.698642 -6.187423
-1635.542248 1119.388337 -6.169415
-1636.467257 1117.940848 -6.153376
-1637.320721 1116.628583 -6.139120
-1638.182400 1115.307300 -6.125049
-1639.140058 1113.848230 -6.109963
-1640.017218 1112.513660 -6.101334
-1640.901351 1111.174469 -6.095384
-1641.883910 1109.699650 -6.089657
-1642.783077 1108.348948 -6.084626
-1643.781784 1106.864377 -6.075759
-1644.696580 1105.505173 -6.064444
-1645.619495 1104.136976 -6.051123