-0.000000 0.000104 0.000060
-0.143000 1.248625 -0.006136
-0.302491 2.625121 -0.008036
-0.446531 3.879112 -0.014216
-0.605375 5.262628 -0.018947
-0.749690 6.522708 -0.027478
-0.893292 7.786010 -0.036963
-1.052697 9.178941 -0.047135
-1.198990 10.447401 -0.058444
-1.359538 11.847086 -0.076406
-1.508027 13.122629 -0.091530
-1.658921 14.400792 -0.099543
-1.824768 15.810641 -0.104513
-1.973400 17.095974 -0.109003
-2.134909 18.512895 -0.115583
-2.280950 19.802809 -0.127894
-2.446941 21.226399 -0.134231
-2.600106 22.523825 -0.134807
-2.755246 23.825204 -0.136971
-2.922845 25.262253 -0.135947
-3.071391 26.569889 -0.144085
-3.232947 28.011933 -0.149859
-3.381534 29.324950 -0.157128
-3.546313 30.773553 -0.161454
-3.697849 32.093062 -0.164787
-3.848458 33.415103 -0.168173
-4.013450 34.873607 -0.165984
-4.164218 36.202987 -0.160086
-4.328582 37.668225 -0.161659
-4.478410 39.001230 -0.166878
-4.628308 40.337036 -0.176293
-4.796429 41.809895 -0.177783
-4.947872 43.151944 -0.182583
-5.113353 44.631014 -0.187843
-5.264037 45.978721 -0.195390
-5.431282 47.464727 -0.201177
-5.586458 48.818570 -0.205711
-5.742863 50.174776 -0.212207
-5.916697 51.669027 -0.220772
-6.075616 53.029801 -0.228847
-6.253167 54.527856 -0.234781
-6.414414 55.889769 -0.242620
-6.575774 57.251223 -0.250178
-6.752744 58.748159 -0.260598
-6.914262 60.107993 -0.268050
-7.091809 61.602356 -0.275633
-7.253835 62.958380 -0.280613
-7.412987 64.312022 -0.288859
-7.588321 65.798380 -0.296786
-7.747319 67.147330 -0.304895
-7.926158 68.628854 -0.306711
-8.086728 69.973268 -0.312509
-8.263404 71.448341 -0.321330
-8.422171 72.786801 -0.332942
-8.579353 74.122959 -0.344936
-8.754352 75.590091 -0.350279
-8.909383 76.922245 -0.357207
-9.077163 78.384209 -0.365099
-9.227618 79.710266 -0.374843
-9.379617 81.033337 -0.380696
-9.546469 82.487074 -0.388276
-9.702475 83.807551 -0.394801
-9.876980 85.255446 -0.402038
-10.041944 86.572700 -0.404818
-10.202355 87.886762 -0.410764
-10.383182 89.327077 -0.417140
-10.546741 90.631514 -0.425841
-10.730573 92.062150 -0.435253
-10.897225 93.359097 -0.443955
-11.086082 94.779988 -0.451193
-11.255889 96.068858 -0.458026
-11.424020 97.355963 -0.464958
-11.609702 98.769009 -0.470809
-11.771073 100.050801 -0.478321
-11.954400 101.457596 -0.482617
-12.118842 102.734196 -0.490694
-12.284270 104.008817 -0.498718
-12.457464 105.412117 -0.509499
-12.624706 106.691509 -0.508491
-12.806422 108.093314 -0.508713
-12.977241 109.365977 -0.507995
-13.144803 110.634353 -0.511771
-13.325081 112.026810 -0.517640
-13.478880 113.292254 -0.526818
-13.646857 114.685775 -0.533854
-13.797405 115.954600 -0.538974
-13.959540 117.352218 -0.546011
-14.105180 118.623977 -0.557205
-14.255911 119.904214 -0.564775
-14.434851 121.333061 -0.557966
-14.591966 122.626216 -0.556931
-14.762995 124.050976 -0.555257
-14.913873 125.342057 -0.557312
-15.070820 126.637365 -0.544834
-15.236290 128.056549 -0.538255
-15.388941 129.349822 -0.528677
-15.548794 130.767213 -0.529148
-15.694424 132.058124 -0.527268
-15.842516 133.346097 -0.518399
-16.006784 134.762779 -0.509663
-16.152938 136.049523 -0.508524
-16.315547 137.465688 -0.505503
-16.463130 138.752020 -0.504966
-16.628200 140.167171 -0.498734
-16.777867 141.452634 -0.499198
-16.929015 142.737829 -0.501005
-17.096273 144.151150 -0.501823
-17.248892 145.434647 -0.497252
-17.417856 146.847715 -0.482094
-17.568209 148.131980 -0.479202
-17.722086 149.415198 -0.478287
-17.894828 150.826061 -0.482570
-18.056338 152.108683 -0.476337
-18.225853 153.519851 -0.472832
-18.374490 154.803320 -0.466073
-18.518722 156.088564 -0.462931
-18.673010 157.501714 -0.465240
-18.813797 158.787499 -0.469201
-18.970231 160.202918 -0.471472
-19.116088 161.490764 -0.476403
-19.270563 162.908794 -0.481445
-19.410548 164.201077 -0.487201
-19.550130 165.495992 -0.489004
-19.701741 166.922422 -0.491331
-19.842693 168.221188 -0.497622
-19.999496 169.651977 -0.502581
-20.119166 170.953729 -0.515258
-20.243620 172.260345 -0.516156
-20.396867 173.703635 -0.516874
-20.529713 175.018732 -0.520405
-20.678363 176.463300 -0.541968
-20.811553 177.777614 -0.559911
-20.968570 179.227016 -0.575135
-21.113892 180.545765 -0.587128
-21.267103 181.868839 -0.591461
-21.436474 183.327702 -0.592907
-21.584254 184.657480 -0.595052
-21.747282 186.123489 -0.594103
-21.901653 187.459260 -0.591747
-22.054896 188.798236 -0.590803
-22.222460 190.274478 -0.589085
-22.377273 191.619555 -0.586120
-22.547483 193.103415 -0.579307
-22.703020 194.456419 -0.574481
-22.878042 195.947408 -0.561458
-23.037451 197.304908 -0.560478
-23.203856 198.663869 -0.545751
-23.388541 200.164243 -0.533339
-23.556947 201.531220 -0.519353
-23.733500 203.038611 -0.521339
-23.888883 204.411286 -0.525824
-24.044190 205.788871 -0.529172
-24.218057 207.307697 -0.535822
-24.377979 208.696834 -0.542711
-24.558151 210.228891 -0.537422
-24.722666 211.623573 -0.533242
-24.887614 213.020254 -0.526323
-25.065074 214.565162 -0.525498
-25.225767 215.971929 -0.527980
-25.408247 217.522955 -0.526706
-25.576371 218.933879 -0.524848
-25.759474 220.489422 -0.521484
-25.925453 221.905276 -0.522907
-26.090311 223.324667 -0.524239
-26.271264 224.887517 -0.527698
-26.435126 226.309378 -0.526147
-26.616432 227.873784 -0.529766
-26.779386 229.296969 -0.534914
-26.943069 230.724053 -0.537698
-27.123541 232.296329 -0.538603
-27.290247 233.727747 -0.536397
-27.473385 235.304163 -0.534213
-27.641210 236.740499 -0.530925
-27.808580 238.179535 -0.526463
-27.991138 239.766303 -0.526630
-28.157490 241.210382 -0.526960
-28.338944 242.801985 -0.528700
-28.502964 244.251274 -0.532021
-28.665794 245.703582 -0.534130
-28.845451 247.302321 -0.538030
-29.010052 248.757256 -0.539530
-29.190699 250.361342 -0.546902
-29.355543 251.822049 -0.553400
-29.536779 253.430699 -0.562070
-29.702181 254.896152 -0.565563
-29.867645 256.361941 -0.568361
-30.048604 257.975502 -0.571670
-30.212426 259.442475 -0.578246
-30.393291 261.056655 -0.586346
-30.560717 262.525810 -0.585484
-30.730711 263.996725 -0.581205
-30.913923 265.614961 -0.572270
-31.080571 267.085488 -0.568785
-31.265633 268.704281 -0.558272
-31.433817 270.176070 -0.549172
-31.601253 271.648832 -0.538020
-31.784830 273.269737 -0.531583
-31.954475 274.745027 -0.511780
-32.135939 276.367601 -0.499865
-32.301783 277.845578 -0.480979
-32.462192 279.325104 -0.474598
-32.636820 280.954677 -0.466163
-32.792510 282.435681 -0.465383
-32.964296 284.065136 -0.463396
-33.120811 285.546904 -0.459389
-33.277426 287.031106 -0.452880
-33.452426 288.666744 -0.447797
-33.611007 290.156072 -0.446126
-33.788466 291.798760 -0.440236
-33.952223 293.294783 -0.432318
-34.117103 294.794608 -0.423133
-34.295257 296.450986 -0.423654
-34.460314 297.963679 -0.422199
-34.645666 299.629301 -0.421302
-34.813937 301.149206 -0.418467
-34.979370 302.672362 -0.420333
-35.160127 304.353263 -0.417630
-35.327783 305.885634 -0.416865
-35.517217 307.576175 -0.404687
-35.688178 309.115827 -0.397041
-35.864577 310.654487 -0.385154
-36.068241 312.353652 -0.369415
-36.249277 313.904954 -0.359620
-36.447320 315.614545 -0.348948
-36.624712 317.169264 -0.347020
-36.820347 318.880822 -0.340835
-36.996376 320.436384 -0.336909
-37.173577 321.990845 -0.328214
-37.366959 323.699456 -0.323030
-37.543411 325.254030 -0.312681
-37.731775 326.962406 -0.306345
-37.900775 328.514708 -0.301444
-38.069651 330.063548 -0.305752
-38.257945 331.761369 -0.297174
-38.429407 333.302233 -0.295028
-38.616942 334.994158 -0.290792
-38.787611 336.531810 -0.283321
-38.959821 338.067923 -0.272943
-39.148568 339.757571 -0.272027
-39.321016 341.289944 -0.278671
-39.511387 342.970797 -0.289665
-39.685405 344.498492 -0.294776
-39.863315 346.023578 -0.294715
-40.060925 347.699469 -0.298737
-40.246799 349.220577 -0.295533
-40.450161 350.893346 -0.294222
-40.637042 352.412218 -0.288387
-40.822174 353.930138 -0.281835
-41.026243 355.598450 -0.274574
-41.212252 357.113789 -0.268839
-41.417642 358.780615 -0.264204
-41.602731 360.297037 -0.258790
-41.787510 361.815333 -0.250141
-41.994908 363.488283 -0.239770
-42.181379 365.009841 -0.237905
-42.393628 366.685622 -0.229153
-42.584396 368.209130 -0.223215
-42.797136 369.884742 -0.211648
-42.986877 371.410318 -0.206260
-43.176971 372.936766 -0.199720
-43.381978 374.619760 -0.197478
-43.565845 376.152830 -0.194724
-43.768108 377.841623 -0.192987
-43.953359 379.378564 -0.188280
-44.137795 380.917410 -0.184849
-44.340706 382.612014 -0.181084
-44.524641 384.153999 -0.175646
-44.724861 385.850725 -0.172454
-44.906354 387.396113 -0.171664
-45.087584 388.943403 -0.173743
-45.284134 390.650132 -0.170515